Radii(nm)	Raw	1kp	2kp	4kp	8kp	8ks
1.	768567570378926	648314485969531	379811386049806	151807792561142	286557222730111	278194109121655
2.	481705909938421	683944761658020	178421700922047	3.94461395588827e12	200533262707211	2.30002313069914e13
3.	9.44240302205824e10	690296201015480	2.03872145286284e13	6.1678691371639e10	8.44317804966298e13	4.81111415975947e11
4.	4.10107118874051e12	577615102555359	1.22180559657161e13	2.56283561900546e10	1.04582883082869e13	2.13984922629958e11
5.	1.21988873021304e12	169260268874357	1.65322139205174e12	1.28689785331828e10	4.96221613668877e12	1.08202361119261e11
6.	6.75094762748279e11	7.90403163914437e12	9.50728116795799e11	7.26606694620337e9	2.8016137985031e12	6.17244723235571e10
7.	3.97361984439806e11	2.18300868775376e12	6.00495690979104e11	4.44067143732342e9	1.74329403601552e12	3.82471940485594e10
8.	2.46697954267863e11	8.92140184953492e11	4.06818265337605e11	2.87193029319044e9	1.16079538530339e12	2.51915745097005e10
9.	1.59751728617727e11	4.33786239332871e11	2.91838675822156e11	1.94649658095678e9	8.14574837932575e11	1.73867715708982e10
10.	1.07105928688307e11	2.37181844407275e11	2.20029869070889e11	1.36341065459069e9	5.97066763480338e11	1.24605740672442e10
11.	7.40007751323874e10	1.41948294723506e11	1.73813096218918e11	9.80065014351643e8	4.54811589722508e11	9.21455210873159e9
12.	5.24893804652002e10	9.13802940951889e10	1.43762407853954e11	7.19326492219003e8	3.5928933462823e11	7.00027695695297e9
13.	3.81467129325867e10	6.24488030334599e10	1.24558202493755e11	5.37729115659761e8	2.94782977200188e11	5.41562188869664e9
14.	2.83862219723778e10	4.6380441441523e10	1.12555933634548e11	4.08969875275929e8	2.53016082195903e11	4.11894782014023e9
15.	2.16569239639246e10	3.70295723810004e10	1.15933523001433e11	3.15082504814208e8	2.30666047633398e11	3.16980867410938e9
16.	1.7001947810671e10	3.07682228345547e10	1.38607639349302e11	2.45550158881698e8	2.28848230429468e11	2.46265312349457e9
17.	1.37970748197477e10	2.53947053762906e10	1.42324254896297e11	1.93387239089421e8	2.50123161288999e11	1.92727869623516e9
18.	1.15783991375715e10	1.92797669510733e10	8.75259028752318e11	1.53829161514515e8	2.85668640084856e11	1.63721646823549e9
19.	9.95855396497754e9	1.60168261689065e10	2.65464136071047e13	1.23554876957299e8	3.10026935537058e11	1.45469921801402e9
20.	8.66368829816238e9	1.34317183846587e10	3.54049305205919e12	1.00206058751199e8	3.26452765813327e11	1.3214409063284e9
21.	7.60050952754427e9	1.21524275956593e10	1.70178135938533e11	8.21450776209585e7	3.59332609531396e11	1.22901142972807e9
22.	6.81652594932545e9	1.20861350529158e10	4.13515105939734e10	6.8404375003022e7	3.4001394384118e11	1.17259340380119e9
23.	6.43455369276582e9	1.81587542932803e10	1.71430803125893e10	5.77265628249767e7	6.50853751251651e11	1.14724568780906e9
24.	6.49720821255024e9	1.21858616933268e11	7.61864816375248e9	4.93694906330184e7	7.42755833490389e12	1.1506345022431e9
25.	7.13674724558372e9	4.31694923051446e12	3.90855983901779e9	4.2824443041971e7	4.49750308790301e12	1.19168695559219e9
26.	8.87536619733317e9	2.74456201539735e13	2.49920455848106e9	3.77244802027714e7	3.52187427990416e11	1.28672337891842e9
27.	1.34529952803104e10	1.13438092620048e10	1.64541653737578e9	3.37614956899998e7	1.12784430665443e11	1.46305870470666e9
28.	2.76104702334182e10	5.68315662815948e9	1.11304095392819e9	3.06842295411599e7	5.78112665237599e10	1.78115999400842e9
29.	3.03695437020685e13	3.23040102783682e9	7.72587767460645e8	2.83933690176358e7	3.45137809157479e10	2.39281368361076e9
30.	1.07206540445833e13	1.82455004966998e9	5.5298085341055e8	2.68823016413429e7	2.1644502205508e10	3.77322142404587e9
31.	1.52210037685402e10	1.08273971531381e9	4.06414689998782e8	2.61123566991255e7	1.42730524400523e10	7.93610631932395e9
32.	5.0135939847074e9	6.88524750508696e8	3.06269056238153e8	2.61040999017125e7	9.80834206765154e9	2.84426030198546e10
33.	2.27300865444703e9	4.63198478812995e8	2.3570117996073e8	2.71170972189535e7	6.84430039008382e9	5.02483441560334e12
34.	1.24951798478847e9	3.27559932244877e8	1.8493832205867e8	2.91496513497749e7	4.93213894364267e9	1.63555615089576e12
35.	7.72638170642178e8	2.41232536671612e8	1.47596953792678e8	3.25213795895458e7	3.68933344869057e9	6.54610755122985e9
36.	5.16474436526463e8	1.83003236300938e8	1.19498118489341e8	3.80810801977715e7	2.86338284430202e9	8.67732858554532e8
37.	3.53117872191833e8	1.41163095766333e8	9.76988657516602e7	4.7303534094279e7	2.30052609370542e9	4.8841969256229e8
38.	2.54207146935583e8	1.12155740411336e8	8.06922250071466e7	6.39992624288367e7	1.90918458078835e9	3.6148171452402e8
39.	1.91967043790821e8	9.15984703639971e7	6.76503663131271e7	9.64564076866702e7	1.63402144182489e9	2.8360192426886e8
40.	1.51151574634242e8	7.61117719703407e7	5.77151364606329e7	1.73695146633478e8	1.44075742834968e9	2.27753916271225e8
41.	1.23474261944554e8	6.46110970343663e7	5.01023637027506e7	4.78673140112843e8	1.30806286511874e9	1.84857166208143e8
42.	1.0448651044095e8	5.59456901065201e7	4.42516121690906e7	9.11555808649374e11	1.22290612666277e9	1.54596392855188e8
43.	9.14215337097222e7	4.94129559637025e7	3.97601446097821e7	1.90353363977629e11	1.17808425184619e9	1.34058143714944e8
44.	8.27810833131283e7	4.45137766142978e7	3.63379373507077e7	1.13450506283008e9	1.17108955620363e9	1.20054701493692e8
45.	7.73112087889208e7	4.08822720417328e7	3.37768995412714e7	4.655374760963e8	1.20407663536276e9	1.0948635815023e8
46.	7.44216836059722e7	3.82688803106545e7	3.19399154887392e7	2.18819906344104e8	1.28515716120446e9	1.05279533464341e8
47.	7.38438094239865e7	3.65070322967791e7	3.0666680668258e7	1.36037339738605e8	1.43119462875753e9	1.07803690211999e8
48.	7.56575621735417e7	3.54927405915355e7	2.98279050798339e7	9.9530128922066e7	1.66855111554749e9	1.17679368254668e8
49.	8.01315167633021e7	3.51728932830881e7	2.94950722528476e7	8.03036720167217e7	2.04502991327394e9	1.34306551275134e8
50.	8.79318402984062e7	3.55400555117945e7	2.9669868192013e7	7.01216113246533e7	2.67382843721952e9	1.60686436658769e8
51.	1.00424806376134e8	3.65629444568852e7	3.04011879770439e7	6.55680872630275e7	3.62399730191829e9	2.08314372693868e8
52.	1.20059735219097e8	3.84325050125949e7	3.17117070651402e7	6.53419741164095e7	5.65596310270538e9	3.00592996531392e8
53.	1.51580526085946e8	4.12840340315806e7	3.37006468537671e7	6.94122187744056e7	1.15554647643355e10	5.16183653290642e8
54.	2.04058864955027e8	4.52292500018108e7	3.65185072931684e7	7.89791584262555e7	1.64290448811145e12	1.47621547780139e9
55.	2.84577322824529e8	5.02315277711725e7	4.01670171700225e7	9.72710835510798e7	2.5581878834288e12	2.29513400176281e12
56.	4.45496653002206e8	5.70445898394858e7	4.52173365850787e7	1.32214508800002e8	4.30400630718379e9	5.76756181860846e11
57.	8.51107239726889e8	6.5951536056796e7	5.210030952482e7	2.05541436778771e8	3.98645892230378e9	1.77737951049167e9
58.	2.56456178464273e9	7.83959676897894e7	6.14374156474258e7	3.93551307782624e8	2.86615981812625e9	6.35197152543913e8
59.	9.02450483401137e11	9.60229056306494e7	7.48309864274999e7	1.17314869760231e9	2.00951667009093e9	3.29170720635961e8
60.	6.28322726671405e12	1.300995083196e8	9.47993412846188e7	1.56893885578661e11	1.46213860452995e9	2.10872828783079e8
61.	2.70317937143842e9	2.04779617162739e8	1.2626604149664e8	1.08275421457974e12	1.15198096923076e9	1.56277577017543e8
62.	8.61026469595367e8	3.82131216556979e8	1.80023826339207e8	2.61550754081528e8	9.89904662150784e8	1.3035318738749e8
63.	5.28583954970743e8	9.93329111592301e8	2.84072473385352e8	1.15838601922634e8	9.15156846960803e8	1.20101595803079e8
64.	3.796518725248e8	1.35238315556003e12	5.35340485766799e8	5.74531346260781e7	8.87716016167252e8	1.21210580000183e8
65.	2.83962903608896e8	2.62847012412024e12	1.5354035799847e9	1.64123252343449e8	9.02321033421815e8	1.34501301574925e8
66.	2.50615671115353e8	3.52396065998961e9	6.15363194551693e11	1.30248908252376e8	9.6339577047111e8	1.66966364570183e8
67.	2.66008423894604e8	1.08797362895094e9	1.46478538846656e12	1.1637584436037e8	1.08236799251158e9	2.42735266391497e8
68.	2.93933274075403e8	2.97086460322495e8	3.76351805814851e9	1.13624404371692e8	1.27986124050779e9	3.98197115510645e8
69.	3.25429608267812e8	2.23509039476147e8	6.1654853746307e8	1.2234163670058e8	1.58772864204694e9	1.36248975968073e9
70.	3.86221847681771e8	2.43013989871851e8	3.51148414704863e8	1.46065468083507e8	2.03567678979622e9	9.8332236719248e11
71.	5.11568441579571e8	2.34438299915978e8	2.4148034675845e8	1.96896188434185e8	2.88941436753873e9	3.8344330607963e10
72.	7.77179400020429e8	2.0877115541899e8	2.05764803200358e8	3.11361121410441e8	7.09214389194026e9	2.39673226308391e8
73.	1.34317386448133e9	1.79225630456169e8	1.88246862214374e8	5.93517760206858e8	4.80001624627202e10	1.43909245739052e8
74.	2.81655123799024e9	1.5874051354053e8	1.86666384867093e8	5.82414877101107e8	1.65844223947736e11	9.2784411969414e7
75.	2.09985076041392e10	1.50911824768181e8	2.03612440409823e8	5.1895384943404e11	8.05981088823578e10	6.99075796500939e7
76.	1.77423131502742e12	1.56322523098228e8	2.31888431010811e8	1.86708891644643e11	1.95004243401578e10	5.66728536183497e7
77.	8.35355008164616e9	1.74375356994235e8	1.52168461667118e8	1.00993345586937e9	1.34469921803167e10	4.91515188443629e7
78.	2.78701125501018e9	2.06299965360735e8	1.42992439546636e8	4.6554328310969e8	1.84104636858871e10	4.57895000042517e7
79.	1.56712232015032e9	2.57131551029086e8	1.63462023710518e8	3.43132755848268e8	3.58194150506352e11	4.60934624187975e7
80.	1.14549146235434e9	3.39634901330909e8	1.69577727634499e8	1.8008928411876e8	4.60967772898083e11	5.05964644502169e7
81.	9.82472256992294e8	4.90586378951768e8	2.33774517263672e8	2.58997680839049e8	2.64493087326367e9	6.15573836435688e7
82.	9.78070607525852e8	8.72303081599933e8	3.30866338013225e8	2.47993612309507e8	3.36058460764945e9	8.60317792586802e7
83.	1.11804822479481e9	3.05362707784791e9	5.00871937646743e8	2.78637144501627e8	1.80376436423836e9	1.68019309185914e8
84.	1.48018959162857e9	2.84857902356293e11	8.26218219120898e8	3.18040861951366e8	7.95672237881832e8	4.51628363017078e11
85.	2.35267512175117e9	1.43186081796943e12	3.40283338818723e9	5.22028557118267e8	4.4661913350355e8	7.42073557806589e10
86.	4.90761846855099e9	4.18817473186698e9	7.64378561945998e11	1.02029034226864e9	3.07897174132474e8	2.85404524058871e8
87.	1.66836125548408e10	2.26828119480207e9	1.25599190152385e11	3.1494084453301e9	2.40231310116013e8	9.63161019144903e7
88.	6.98150787970714e11	3.02798587644812e8	5.27273032469959e9	3.39772679861129e10	2.0482317590404e8	4.39603689004822e7
89.	5.24649996002972e11	2.96450267405352e8	1.82987258655648e9	2.9972045062744e11	1.87297767370285e8	2.53394279175714e7
90.	1.47993912004926e10	2.36460731774489e8	8.10339196837858e8	2.44171827530878e7	1.8321316660652e8	1.71468870621522e7
91.	5.56241881189691e9	2.99956905838733e8	4.13315052222322e8	3.91778979641736e8	1.90954053513061e8	1.28947567593704e7
92.	4.02500688944014e9	3.60384197617551e8	2.88276315392622e8	3.09188791475726e8	2.13383737974658e8	1.05121780478574e7
93.	3.57984410448503e9	4.61914036095694e8	2.41808344421752e8	3.02305994765086e8	2.59131201989264e8	9.17758068651856e6
94.	5.78835861554757e9	6.62029772502514e8	2.30703360768757e8	3.85251715426825e8	3.50457936011197e8	8.52750305150952e6
95.	6.93249081111221e9	1.14099822339626e9	2.46379831424738e8	6.70688068833118e8	5.51355625303631e8	8.41158096434662e6
96.	9.04311799114926e10	2.89496894959962e9	2.93646208045167e8	1.99540803240211e9	1.09480037825938e9	8.71517308164172e6
97.	2.6193561862155e10	1.69049731353041e11	3.96209520456926e8	5.32525119661768e10	3.65926462325177e9	9.33250912698356e6
98.	6.36996911996931e9	2.23017913242109e11	6.16352112332114e8	4.61529676072559e9	2.17594776569649e11	1.04774130492097e7
99.	3.36303871122539e9	2.00362749574446e9	1.09951079235874e9	9.22081360024116e8	5.07443111031195e9	1.22472609597159e7
100.	1.88011971041252e9	6.45183359312395e7	1.96232547636426e9	5.09289221104438e8	1.56393545788296e9	1.47242172347759e7
101.	1.15830390247022e9	3.06556895398481e8	1.16893929184667e11	2.84568204463488e8	6.33468323904801e8	1.82366057051767e7
102.	8.20793140815145e8	3.33264494893949e8	3.58311016413479e10	2.16806084488814e8	3.95315569461775e8	3.07931244728805e7
103.	6.88324875622723e8	3.41762689213444e8	7.24386293208644e9	2.21532998197725e8	3.29821843219196e8	3.95869083902967e7
104.	7.02874690632821e8	4.1894875424307e8	4.58171560690969e9	3.2141840871545e8	3.30538327783069e8	6.04883897275445e7
105.	9.03861443904576e8	6.96298227499214e8	3.91574058878122e9	9.16858382949235e8	3.88251738438157e8	1.23334889751537e11
106.	1.62210640323116e9	2.14959148959234e9	5.27606887872254e9	3.18003593438078e10	5.11265109903724e8	5.76681106747973e10
107.	5.57938549777731e9	8.02238146117633e11	1.34880395221392e10	8.00816659263217e10	5.8073371111277e8	2.96862341873005e8
108.	9.28954020969609e11	3.31444378241576e11	5.11030907732979e11	3.51511335514597e8	9.0462902092423e8	1.14289045026483e8
109.	1.56368614262879e9	1.15205329682654e9	3.53654161684312e9	1.0338104805309e8	4.06446863572429e10	5.32922119863867e7
110.	3.46913466490638e8	1.76991863185207e8	5.02141902433753e8	7.20691013026161e7	7.66251544782516e10	2.93063031151353e7
111.	1.25016617609778e8	8.69810804160465e7	1.48277398558935e8	6.62852466593596e7	3.3002557051744e9	1.84838297821147e7
112.	7.95560681120762e7	4.99769195702588e7	7.77755544755075e7	7.74990135383617e7	7.7063618716753e8	1.2761083791908e7
113.	5.34017091337257e7	3.42356723497118e7	5.63796156644963e7	1.3150257659618e8	3.59893378328428e8	9.31794922057322e6
114.	3.83036127768578e7	2.66183715633483e7	4.1211804755193e7	1.85833540005809e9	2.27461166763914e8	7.07025050390088e6
115.	2.86980437781431e7	2.12686030198776e7	3.14395986673818e7	7.36191657312914e10	1.67234862882841e8	5.54218729354814e6
116.	2.24222872574627e7	1.75915300565519e7	2.51376426714536e7	6.04545938122467e7	1.35057860015686e8	4.48683712621572e6
117.	1.83890217498871e7	1.50931334325093e7	2.09780648260155e7	2.10642484729237e7	1.1667681169356e8	3.80750842120426e6
118.	1.58576001735894e7	1.343534884995e7	1.82310603034294e7	1.0484721283872e7	1.06294648668939e8	3.31372725909927e6
119.	1.44367106135837e7	1.24347941079114e7	1.64957691216081e7	6.04992587357837e6	1.02668100508567e8	3.04311840343592e6
120.	1.39007832418293e7	1.20088902677278e7	1.55743497481422e7	3.92226896894219e6	1.04671714958935e8	2.9202435222508e6
121.	1.42352088797964e7	1.21705062681445e7	1.54146853354288e7	2.88114095995636e6	1.13266841314468e8	2.94909894541061e6
122.	1.56293328606725e7	1.30347848260183e7	1.61073495869863e7	2.35347327078273e6	1.31247431972368e8	3.16788141297868e6
123.	1.8618469358508e7	1.49396394632341e7	1.79496334028023e7	2.11779692362537e6	1.65382498762329e8	3.6792406183397e6
124.	2.45014625009921e7	1.86449138627873e7	2.16484207820414e7	2.09199406488326e6	2.35008271366311e8	4.74245671160391e6
125.	3.65982738226603e7	2.60692004764847e7	2.89318422318005e7	2.27151247780398e6	4.33993933519368e8	7.09721776346715e6
126.	6.14461503910939e7	4.3357534237905e7	4.47811201408335e7	2.72966555873582e6	4.89658977612258e9	1.34695969791852e7
127.	1.37282680398927e8	1.0446760975694e8	8.89850537371348e7	3.68613375016804e6	6.48478650400808e10	3.96847705871136e7
128.	3.8363699053532e8	6.44689575190149e8	2.85651638199951e8	5.77579148083845e6	3.54841297008061e9	6.13365343192899e9
129.	1.43495174374231e11	2.86663236765735e11	1.16998426704737e11	1.13022937101329e7	2.32552054738915e8	5.36788929456477e10
130.	4.18377830578033e10	1.12239181508531e9	1.50125704730734e10	3.09649716189067e7	1.18860451353322e8	2.18884160167272e7
131.	1.60968666721752e9	2.54718079914241e8	6.41340033644799e8	3.61141742545634e10	1.22339676734089e8	5.66531060372391e6
132.	9.04288710414245e8	1.29923078789769e8	2.00140935132196e8	9.04926157466693e9	1.24441868930987e8	3.79742959290942e6
133.	7.32005806848121e8	1.19612105581375e8	1.13873215990491e8	3.47804911708396e7	1.35926592988772e8	3.07370517253041e6
134.	5.93058130101006e8	1.39624951587125e8	8.66416464300631e7	1.33247044429481e7	1.61676616628882e8	2.67166543138127e6
135.	5.46076647022787e8	1.7902981439302e8	7.89284483655558e7	7.52589647499867e6	2.11797254162359e8	2.53535080811491e6
136.	1.55232733316971e10	2.18426528895456e8	8.19780489313301e7	5.18095490949078e6	3.10547628362861e8	2.61552325142645e6
137.	3.90155267636368e9	1.63533168904317e8	9.47531241409302e7	4.05563449805097e6	5.14960757279974e8	2.91188024038939e6
138.	1.07631351514042e9	8.89098704673147e10	1.20613625376195e8	3.51024837035721e6	9.64474769740197e8	3.43317245111129e6
139.	7.41070791949263e8	2.21424081206862e10	1.69589306012683e8	3.32578893493261e6	1.96201341718511e9	3.89288337781453e6
140.	6.0865236168903e8	9.84815429223848e8	2.69950239890117e8	3.45312091467544e6	3.96901408293263e9	4.09694723807435e6
141.	5.79507225708182e8	5.66950845083423e8	5.24199676278135e8	3.96458832069519e6	7.05645714784757e9	7.50725132489251e6
142.	6.53320127451352e8	4.49535393206385e8	1.70524962473821e9	5.12431188328123e6	2.27236391153223e10	3.31248921646954e8
143.	8.93601968221992e8	4.30279002562822e8	9.18143356436114e10	7.68449688734011e6	2.08922397076243e10	5.40086178198046e10
144.	1.64888771165455e9	4.98841805368298e8	2.48874878635178e9	1.42043757972137e7	3.14414419434825e10	8.99490335035983e8
145.	2.53865595756283e10	7.42940429762122e8	4.93193968573347e8	3.97023263868462e7	5.27564740845722e9	9.51927437854933e7
146.	8.19638814705939e10	1.67243152921879e9	1.94719322657663e8	3.22123543452194e9	1.91474174951883e9	4.77129282807522e7
147.	5.83240519437848e8	2.95884970918476e10	9.82979338983873e7	1.39935897114356e10	1.02467109946013e9	3.52349872934211e7
148.	2.33014907009065e8	2.01844821185599e11	5.92064996939829e7	4.04562323280397e7	6.69952045511826e8	3.1717029012363e7
149.	1.34037020858064e8	4.84876376906922e8	4.03992318615293e7	1.05053360556951e7	5.6141285973174e8	2.85445899621691e7
150.	9.20610279575375e7	3.75876325848624e8	3.0318325807317e7	4.06200858885954e6	6.41508702548428e8	2.77450116124867e7
151.	7.60299156504875e7	2.44928886286499e8	2.46052183292754e7	2.18909287295578e6	8.85809686650674e8	3.42568546467447e7
152.	6.14059765510013e7	1.71263965296523e8	2.13640691332613e7	1.70606492094976e6	1.26577163038886e9	7.40795492926378e7
153.	5.45243562761573e7	1.32608546601786e8	1.97005703258049e7	1.4461360749984e6	1.55260071203449e9	1.84452293839595e8
154.	4.86222268979498e7	1.13326056864186e8	1.91950018016779e7	1.29770693255758e6	1.77481900170971e9	8.79601701948042e8
155.	4.86294043608115e7	1.05891243608448e8	1.96968601835208e7	1.19708684919021e6	4.29515439494296e9	1.13713776273736e10
156.	4.75831812238426e7	1.0695459697865e8	2.12577731605561e7	1.10893297263481e6	6.74453947820297e10	2.52883898189397e10
157.	5.22325460208091e7	1.15342701748123e8	2.41511743002211e7	1.033183188945e6	1.48192926518158e10	1.9573799956425e8
158.	6.0594490590572e7	1.33985537751851e8	2.90067489371911e7	968348.47864863	1.63646998223541e9	1.7884241999873e8
159.	7.36037021528327e7	1.91331005684607e8	3.70300497786227e7	911581.617415336	1.04014435617235e9	1.70133169785509e8
160.	9.26763595084436e7	3.10974660796188e8	5.02394720451743e7	863442.311682441	1.00916420633938e9	1.49225786557593e8
161.	1.23544466786531e8	7.99679639036617e8	6.77750512837351e7	825943.867402954	1.1504890797713e9	1.33652667906748e8
162.	1.72029559497286e8	2.15855056209461e9	6.95580797772069e7	801273.390615747	1.48578328097978e9	1.34172113971815e8
163.	2.41770276139822e8	3.13617268956016e9	1.67457144347319e8	791690.830689313	1.88623121518337e9	1.52191950551662e8
164.	3.29032409310376e8	2.19370089003135e10	2.56255425272782e9	799955.894932786	1.84399671412796e9	1.89052239540969e8
165.	4.43129982697954e8	2.51819956354413e11	5.54856607056859e10	830121.861383754	1.30100611411664e9	3.06781164271099e8
166.	6.16856130574581e8	4.01811798013335e10	9.82309765001304e10	888574.319093941	8.37215089044226e8	1.27141235426321e9
167.	1.07402246718631e9	3.65663428523827e10	7.72412697768259e8	985184.173706898	6.50610497742089e8	5.21511457984904e10
168.	1.40623563805722e11	3.25329029066798e10	7.91696720247086e8	1.13407996444074e6	6.86326484496681e8	1.63114300310078e10
169.	4.2472876389003e10	9.42217245584377e9	7.32064422051033e8	1.35152155463957e6	9.06974074815432e8	1.09600591625524e9
170.	1.24724217199761e9	1.82654869145066e9	7.27520432398083e8	1.6367256090164e6	1.49681344340357e9	3.80549282658666e8
171.	2.92303155607873e8	5.48407170982743e8	7.20117111605461e8	1.87971028154198e6	4.33963825014113e10	2.44994852169418e8
172.	1.9732262955902e8	2.62364393963286e8	6.73385511890685e8	1.79700701109805e6	2.07519553361961e10	1.55036123142174e8
173.	1.41466744716424e8	1.82964484158709e8	6.25976583688345e8	1.41359698702627e6	1.26851118503551e9	9.91697008471961e7
174.	1.49376535406545e8	2.03826366254626e8	7.5399852429138e8	1.03776835667433e6	1.03683356853713e9	1.26030142471768e8
175.	1.78120986830555e11	2.49166044811771e11	1.36624780425047e11	770416.56637869	1.13861871613876e10	1.99981609234491e10