900.0557251	0.277940601	0.503728271	0.205470964	0.023175765	0.139066473	0.096854322
898.9962158	0.279120505	0.505422413	0.206913456	0.024358666	0.138911396	0.094980553
897.9360962	0.284007132	0.505924106	0.208349735	0.025182934	0.141956344	0.096379638
897.0081177	0.281214893	0.50804466	0.204907924	0.022110244	0.140300021	0.095508248
895.9469604	0.282725453	0.506440282	0.209213108	0.024008268	0.140312478	0.093299113
895.0180054	0.283571065	0.507051945	0.208505392	0.023504311	0.144033507	0.096723214
893.9558716	0.283468515	0.510202169	0.208004504	0.023944695	0.140269592	0.096307285
893.026001	0.280858129	0.508806229	0.208792821	0.024618382	0.143931702	0.095945045
891.9628296	0.284029931	0.509732842	0.208857849	0.026601806	0.143366426	0.095587306
891.0321045	0.286202312	0.510499716	0.211150602	0.028584212	0.14774318	0.098680459
889.9678345	0.288157195	0.510834575	0.209220395	0.028118167	0.146202937	0.09800899
889.0361938	0.285816729	0.51405859	0.211430192	0.024000062	0.144564971	0.09859018
887.9709473	0.288601577	0.515916348	0.211453065	0.028394954	0.145228848	0.100604981
887.0383911	0.288031012	0.515386939	0.211488232	0.027410744	0.143702611	0.097488977
885.9721069	0.290979892	0.515785933	0.212350443	0.027854944	0.139558524	0.097597465
885.0386963	0.290597975	0.518208385	0.212525144	0.028475683	0.139860973	0.097047776
883.9713745	0.289344251	0.514791608	0.213480771	0.026602577	0.141463801	0.101269268
883.0370483	0.287833691	0.516493738	0.212750688	0.026687432	0.140336782	0.095964126
881.96875	0.290761471	0.516012311	0.215597779	0.028503269	0.141549856	0.095195182
881.0335083	0.291859508	0.517351985	0.214244694	0.026792046	0.141571194	0.095779747
879.9641724	0.293617785	0.518363416	0.214901954	0.029685212	0.144599423	0.097766288
879.0280762	0.291691959	0.516567707	0.215839312	0.028086325	0.138504297	0.099108167
877.9577026	0.293139994	0.515429497	0.213965908	0.028103115	0.145697117	0.097174771
877.0206909	0.29357484	0.518713534	0.217598155	0.030411178	0.147107691	0.098781899
875.9493408	0.29494381	0.522588313	0.217858672	0.029142544	0.143983483	0.102200776
875.0114136	0.291345954	0.518509328	0.215499505	0.027212875	0.143338278	0.099923402
873.9390259	0.29410091	0.52086705	0.216558665	0.02845946	0.145512626	0.100164972
873.0002441	0.296711385	0.521437347	0.217330068	0.027137697	0.146608114	0.09892153
872.0610962	0.296854079	0.522445202	0.223113239	0.033016846	0.14688009	0.103042841
870.9872437	0.300399184	0.519749343	0.21925208	0.029502068	0.150649488	0.102597214
870.0471191	0.299296558	0.527147114	0.222734466	0.031093672	0.149812728	0.099625275
868.97229	0.295669854	0.526949346	0.221665889	0.032223642	0.146058738	0.103639022
868.031311	0.297232449	0.523641586	0.220720574	0.030002052	0.142662242	0.101752929
866.9554443	0.298880637	0.529810131	0.218643218	0.028785391	0.144087598	0.10081245
866.0136108	0.301056892	0.523529589	0.223928601	0.028668681	0.146273479	0.104203083
864.9367676	0.303290695	0.525904536	0.224268243	0.031001611	0.149828881	0.104993269
863.9940796	0.3004421	0.524801314	0.216759637	0.028907001	0.14324902	0.099834561
863.0509644	0.304677784	0.530475617	0.224665746	0.032991569	0.149363741	0.10473948
861.9725952	0.302136928	0.527836502	0.220826358	0.02874158	0.146608621	0.097456932
861.0286255	0.306200862	0.531915605	0.226329505	0.032554504	0.146115124	0.104768403
859.9492798	0.302865833	0.528141201	0.22171329	0.028567651	0.14449358	0.097537026
859.0044556	0.304781616	0.525633097	0.221109018	0.031051906	0.143485248	0.100072689
858.0592041	0.301292241	0.528701305	0.222754091	0.031752478	0.143446341	0.104332291
856.9783936	0.306529492	0.527885675	0.22364296	0.033606414	0.148222864	0.104802541
856.0322876	0.306793541	0.530409813	0.223613769	0.033195637	0.142299593	0.10109441
854.9505005	0.308600664	0.531155467	0.229904577	0.034685776	0.14893125	0.104451589
854.00354	0.309065908	0.532745898	0.224358156	0.035572801	0.149654135	0.106205516
853.0561523	0.30925265	0.534260094	0.228187785	0.037867401	0.148292542	0.106030941
851.9729004	0.30960536	0.531883299	0.226424068	0.031727165	0.14743501	0.103317283
851.0246582	0.312217593	0.542087853	0.228935748	0.035590727	0.148217768	0.103960902
849.9404297	0.31511116	0.538833082	0.229277194	0.03854458	0.152395949	0.106650002
848.991333	0.313723773	0.537197053	0.228732362	0.038408648	0.146768138	0.105119415
848.0418091	0.308203697	0.534927666	0.228622362	0.033176694	0.151976153	0.100788914
846.9561768	0.311483681	0.535252154	0.227661938	0.032953002	0.144578069	0.106148228
846.0057983	0.31467396	0.537904263	0.230519623	0.035284441	0.152407602	0.107097097
845.0550537	0.315806598	0.543080688	0.230158597	0.038649712	0.152603284	0.103843443
843.9679565	0.316810519	0.540536463	0.231631234	0.036761604	0.146538168	0.105701186
843.0162964	0.31756258	0.538638234	0.230923548	0.038117975	0.147483677	0.102062702
842.06427	0.316121519	0.543745697	0.232230216	0.034773912	0.148428187	0.101976991
840.975769	0.318869948	0.544999778	0.229233533	0.038206808	0.148884565	0.105161525
840.0228882	0.318340093	0.544236302	0.232761905	0.035678256	0.151646391	0.10272637
838.9334106	0.3178083	0.544017136	0.231493816	0.036614146	0.149581581	0.102805115
837.9797363	0.32321918	0.546137989	0.231967479	0.035577156	0.146751732	0.102380268
837.0255737	0.32285592	0.546090663	0.233691424	0.039548196	0.147833467	0.104562037
835.9346924	0.32419157	0.550866365	0.235429362	0.039959494	0.148718223	0.105551235
834.9797363	0.323972195	0.546631396	0.235353291	0.039971188	0.148281395	0.099541053
834.024353	0.321322441	0.54333359	0.228942767	0.035649762	0.146428749	0.099171653
832.9320679	0.326239109	0.547378063	0.234460175	0.037740547	0.147538543	0.10351558
831.9758911	0.32593745	0.549205244	0.236173019	0.039143294	0.152926564	0.104599312
831.0192871	0.323491365	0.551410079	0.237210035	0.038538355	0.148170769	0.101969555
830.0623169	0.328343868	0.551780224	0.234297648	0.039318845	0.15005593	0.102941118
828.9681396	0.329344273	0.550914586	0.235795602	0.039957821	0.147651419	0.102177091
828.0103149	0.331286877	0.55372721	0.238635019	0.042387858	0.145754948	0.104666181
827.052063	0.329384923	0.553484201	0.237268999	0.040798843	0.145418257	0.100826427
825.9564819	0.33097592	0.553858817	0.238540947	0.041253824	0.149277657	0.103981689
824.9974365	0.332052916	0.556858242	0.238794386	0.042260647	0.146044061	0.103617497
824.0380249	0.333213151	0.557154238	0.240766496	0.041379202	0.14047949	0.10087733
822.94104	0.335110337	0.558216929	0.240930468	0.042340457	0.147367299	0.10134013
821.9807739	0.331524462	0.55376327	0.235210627	0.038943119	0.141868949	0.099338934
821.0201416	0.333671331	0.556163371	0.240268245	0.04235832	0.150162756	0.102463149
820.059082	0.336723179	0.563489556	0.24473381	0.046042573	0.153190136	0.108785033
818.9602661	0.336414009	0.557725608	0.243664265	0.043821812	0.153875589	0.105048724
817.9984131	0.339419544	0.559753656	0.24387072	0.047528431	0.153844774	0.108248137
817.0361328	0.33948347	0.558632851	0.241519854	0.046424318	0.150199637	0.112436414
815.9359131	0.341855496	0.561444879	0.24351716	0.046755344	0.149453268	0.108111322
814.9728394	0.341133028	0.561866462	0.241132885	0.04533292	0.154682443	0.108781837
814.0093994	0.338574708	0.563651145	0.244136229	0.043370485	0.151791513	0.104466997
813.0455322	0.343539596	0.560071886	0.243152797	0.043980218	0.146920458	0.110166952
811.9434814	0.346003771	0.561441541	0.242687911	0.045294102	0.151909858	0.107378587
810.9788208	0.344727874	0.565745235	0.245252565	0.042563502	0.150081456	0.111481778
810.0137939	0.342056066	0.561846197	0.244175613	0.044010066	0.148274034	0.108134233
809.0483398	0.346717507	0.563965142	0.244902477	0.047434319	0.156766087	0.110446341
807.944519	0.346089572	0.562501788	0.245421425	0.045163136	0.148454711	0.111553021
806.9782715	0.345570564	0.564190209	0.246599615	0.044415835	0.148085818	0.108068861
806.0115967	0.349014342	0.568394899	0.246452943	0.048596181	0.154474214	0.111666486
805.0446167	0.348188222	0.566665649	0.248315707	0.048236415	0.152298808	0.106975973
803.9389648	0.350951463	0.568904042	0.246849895	0.050319709	0.148611635	0.110483229
802.9711304	0.350300014	0.570342779	0.24871245	0.049898051	0.154477641	0.109784849
802.0029297	0.35279274	0.566389561	0.247924388	0.047217537	0.150806144	0.104982853
801.0343628	0.35285458	0.573165238	0.249670014	0.050379038	0.151966453	0.112264916
800.0653687	0.357642621	0.577703178	0.251204073	0.050411101	0.156479776	0.115041643
798.9575195	0.355014175	0.572587669	0.248290166	0.047287062	0.151149347	0.108924061
797.9877319	0.353810221	0.574152589	0.248791844	0.047694519	0.148984656	0.110793546
797.0175781	0.35847798	0.575227201	0.251680017	0.051219389	0.154709786	0.110825725
796.0470581	0.361113012	0.578409731	0.25478071	0.05280485	0.152009979	0.112674311
794.937439	0.360614657	0.581649602	0.254330933	0.050705325	0.159853339	0.113689922
793.9661255	0.36159417	0.57414639	0.249571323	0.047918193	0.150952697	0.107643217
792.9943848	0.361569077	0.579436421	0.250014067	0.04954382	0.159231573	0.110595778
792.0223389	0.361676842	0.583046615	0.25257346	0.050450847	0.151548803	0.11037758
791.0498657	0.360504568	0.575842619	0.249705851	0.046720952	0.150118649	0.109904788
789.9380493	0.367030889	0.582862556	0.252279133	0.049767431	0.155886307	0.112622775
788.9647827	0.364801168	0.581220985	0.256829858	0.051605046	0.157887206	0.110985287
787.9911499	0.364174724	0.58311677	0.252588421	0.050949764	0.156020612	0.106793307
787.0171509	0.368014336	0.581497788	0.254696131	0.051868659	0.157702774	0.106390774
786.0427856	0.367002755	0.58133328	0.25784719	0.053642619	0.159164116	0.112488426
785.0680542	0.365074098	0.579261065	0.254959703	0.048264444	0.153835118	0.107378289
783.9536133	0.367808074	0.584289491	0.259102583	0.052544232	0.154697925	0.109949663
782.9780884	0.367422402	0.585967839	0.258158863	0.053326353	0.157828048	0.109651774
782.0021973	0.373301834	0.584748507	0.259198397	0.055228915	0.158540949	0.113584966
781.0258789	0.368709385	0.582436144	0.261447907	0.0511983	0.157978594	0.111413121
780.0492554	0.371266127	0.585467577	0.255873263	0.050223365	0.158068433	0.110260271
778.9326782	0.373597592	0.586684048	0.261447072	0.051301882	0.155373275	0.109836981
777.9552002	0.374473661	0.585931122	0.260688424	0.053038716	0.158929884	0.109313637
776.977417	0.377933115	0.589599609	0.263263494	0.054613147	0.159753934	0.107842393
775.9992676	0.377714604	0.590194285	0.259903669	0.054927502	0.158453167	0.111225568
775.020752	0.375065118	0.587886035	0.267094016	0.055496417	0.157675505	0.108202271
774.0418701	0.376385123	0.586911559	0.2625328	0.052141279	0.155025616	0.110806145
773.062561	0.380736738	0.590506077	0.258810967	0.05145517	0.15790239	0.11035578
771.9429932	0.38150239	0.587323129	0.258836269	0.053892616	0.15673396	0.110365026
770.9629517	0.376798183	0.592376411	0.261674166	0.052184273	0.149989814	0.109091945
769.9825439	0.386318445	0.596376538	0.265791059	0.059860192	0.161542147	0.113840349
769.00177	0.383078247	0.592217684	0.262139201	0.054471299	0.153483257	0.11082051
768.0206299	0.386348605	0.596009731	0.266735882	0.05759795	0.157593295	0.11375729
767.0391846	0.389306963	0.600547314	0.270466685	0.06254743	0.159430802	0.114312664
766.057312	0.387367576	0.598305583	0.264869332	0.057764653	0.15678072	0.111567214
764.9347534	0.389769971	0.602455974	0.270111829	0.06032525	0.158799931	0.111354403
763.9521484	0.389810354	0.599407315	0.266378909	0.058049254	0.153850421	0.107985765
762.9691162	0.391022682	0.598905385	0.269484609	0.059963841	0.153271183	0.110830836
761.9857788	0.393168718	0.605061352	0.272226721	0.060359485	0.15884696	0.112294577
761.0020752	0.395293266	0.603031874	0.268818706	0.06213282	0.157082707	0.114982508
760.0180054	0.392790973	0.602514088	0.269031674	0.059962384	0.153791741	0.111037068
759.0335693	0.397219181	0.604560614	0.271959782	0.063456103	0.158139065	0.116192654
758.0488281	0.398756325	0.603771985	0.272820205	0.062345587	0.163464248	0.115824066
757.0636597	0.400048316	0.609049559	0.271595836	0.061506234	0.161324903	0.114730299
755.9373779	0.400499314	0.60851121	0.274374604	0.062475175	0.157294199	0.1137105
754.9514771	0.401963204	0.607662201	0.270931035	0.060258124	0.161695376	0.112087518
753.96521	0.402555704	0.608717263	0.269985467	0.063735738	0.160719022	0.111118265
752.9785767	0.404817462	0.608301044	0.274137795	0.065889791	0.163704351	0.118140012
751.9915771	0.406352669	0.612907171	0.275976211	0.064979017	0.163975194	0.113588698
751.0042725	0.409145802	0.612000942	0.275741786	0.066927426	0.169061586	0.116791561
750.0166016	0.407951325	0.61254561	0.27385667	0.066687837	0.159240156	0.113698296
749.0285645	0.407852113	0.61149472	0.274395615	0.066546544	0.16118288	0.113871642
748.0401611	0.408195943	0.615242362	0.277121812	0.066300102	0.164262682	0.113543339
747.0514526	0.411118656	0.614959955	0.277648658	0.066758439	0.161697298	0.115355782
746.0623169	0.411329418	0.613599718	0.275595903	0.066035271	0.166043162	0.117273673
744.9315186	0.411031038	0.612092555	0.276141018	0.066733591	0.158851877	0.113567047
743.9416504	0.4131549	0.616775215	0.277571499	0.067265302	0.15875043	0.11677777
742.9514771	0.413762331	0.617662966	0.278030813	0.06783101	0.163375408	0.115697682
741.9609375	0.413670659	0.617148578	0.279507726	0.066532001	0.161817625	0.118686117
740.9700317	0.41651848	0.619222403	0.277966082	0.066464998	0.16224806	0.117341533
739.9787598	0.416644007	0.617577195	0.280598372	0.068485193	0.161585674	0.118734121
738.9871826	0.419303417	0.618413508	0.278667092	0.067640983	0.159914613	0.1132375
737.9952393	0.425069124	0.62703824	0.282846123	0.072410941	0.162216961	0.120931327
737.0029297	0.420148611	0.622931123	0.281406075	0.068797529	0.162663937	0.117315218
736.0103149	0.420492172	0.622889996	0.277942121	0.068280213	0.161608279	0.116020277
735.017334	0.422292024	0.623536944	0.280436516	0.068014167	0.162868634	0.113716759
734.0239868	0.427784443	0.629582167	0.282801539	0.074239127	0.166622981	0.119288608
733.0302734	0.428255081	0.629066885	0.28440994	0.074294016	0.168536156	0.116809987
732.0362549	0.427696437	0.629729152	0.288681924	0.074831687	0.166720629	0.120366886
731.0418701	0.425016284	0.624659836	0.28066957	0.067570232	0.15979825	0.113433048
730.0471802	0.429827333	0.628384113	0.283765495	0.07283444	0.165466234	0.116821945
729.052124	0.432209134	0.631554127	0.288882554	0.076759748	0.168877959	0.121055067
728.0567017	0.432400674	0.631720364	0.286460072	0.073007159	0.162946791	0.117438272
727.0609741	0.433533877	0.631185412	0.289352119	0.077445194	0.16565463	0.11860995
726.0648804	0.434878796	0.632443011	0.289545775	0.072971545	0.164709047	0.118216805
725.0684204	0.43517071	0.630823731	0.289497733	0.07433106	0.167964071	0.118978627
723.9291992	0.433147401	0.633786976	0.287322789	0.074411735	0.162233278	0.117874652
722.9320679	0.437331289	0.633131027	0.291420788	0.072971486	0.169921145	0.119830221
721.9345703	0.438971102	0.634327471	0.289084464	0.074626483	0.162049264	0.118529201
720.9367065	0.438549936	0.636403143	0.291397184	0.077636287	0.167161539	0.120248593
719.9385376	0.444172919	0.639554381	0.29375881	0.078840718	0.168758452	0.121545263
718.9400024	0.442570925	0.640066564	0.293115854	0.076257579	0.17025803	0.123021647
717.9411011	0.442828357	0.636882365	0.289969176	0.076141827	0.160826251	0.119289935
716.9418945	0.446093828	0.640321493	0.291022748	0.077572681	0.16739139	0.116657645
715.9423828	0.448332876	0.640055358	0.29256466	0.077374071	0.16762045	0.11610353
714.9425049	0.445444703	0.641908586	0.291621327	0.077809908	0.160079092	0.116288126
713.9422607	0.450607568	0.643577457	0.296589375	0.079333246	0.163124859	0.119881801
712.9417114	0.451133788	0.643782973	0.296323627	0.082092665	0.166862965	0.118714593
711.9407959	0.45035249	0.640792608	0.29447189	0.079603769	0.165869087	0.117389321
710.9395752	0.454880297	0.645101965	0.295296013	0.082390606	0.170798242	0.122141279
709.9379883	0.454763442	0.644404709	0.296377629	0.082382187	0.165404663	0.121416412
708.9360962	0.455855101	0.647152782	0.296266168	0.082467593	0.171675235	0.123220965
707.9338989	0.453139871	0.643316388	0.294696897	0.07809931	0.163884237	0.11911241
706.9313354	0.459132731	0.646948695	0.297555685	0.080095567	0.171353877	0.124625355
705.9284058	0.459818393	0.646440685	0.298058033	0.08417207	0.171216354	0.124377377
705.0685425	0.460648477	0.64800638	0.300738365	0.083240613	0.170077235	0.125099883
704.0650024	0.462811381	0.647278965	0.297636122	0.083407924	0.17048876	0.126577094
703.0611572	0.459754229	0.646696866	0.299950182	0.083604611	0.171738312	0.125767008
702.0569458	0.462754041	0.651488423	0.300936252	0.084728003	0.172651529	0.123042882
701.0524292	0.468573362	0.653477132	0.3031106	0.085408561	0.169475198	0.125742495
700.0476074	0.46655336	0.651474655	0.29662022	0.084649324	0.167130202	0.124261916
699.0424194	0.468906909	0.655423582	0.302957177	0.08678709	0.171784759	0.124096431
698.0369263	0.46668756	0.653318524	0.301505029	0.084381647	0.168831915	0.12077117
697.0310669	0.470059753	0.65433979	0.305705011	0.086569086	0.168598548	0.123172082
696.0249023	0.470977753	0.65440023	0.303593755	0.086690113	0.168159112	0.124655396
695.0184326	0.474829316	0.657043815	0.304422498	0.088724859	0.170919582	0.123451598
694.0115967	0.472944945	0.655918479	0.302957684	0.086460248	0.172473714	0.123986967
693.0044556	0.474519551	0.658904195	0.306234896	0.088845439	0.168321371	0.123060308
691.9970093	0.475665122	0.657809079	0.303973585	0.091669589	0.173144087	0.129112914
690.9891968	0.477102011	0.659612358	0.303744793	0.089434966	0.171676472	0.126854479
689.9810791	0.475572467	0.656039238	0.302024841	0.084814563	0.170967862	0.125923961
688.9725952	0.479228377	0.659206867	0.30437389	0.089966916	0.16922757	0.121613726
687.9638672	0.480571508	0.661388755	0.307715923	0.088835433	0.16867885	0.124779098
686.9547729	0.48090896	0.659018397	0.306322753	0.087389432	0.170456871	0.124294825
685.9453125	0.482859373	0.661813319	0.30760631	0.093235835	0.172598794	0.126911998
684.9355469	0.480891824	0.661367655	0.304365397	0.087228172	0.17159453	0.121933103
684.0698242	0.487650693	0.662780702	0.30847773	0.092188984	0.178437874	0.130706295
683.0594482	0.487266928	0.665709257	0.308466613	0.093476988	0.178862751	0.128054023
682.0487671	0.487882227	0.663957119	0.308384568	0.090512306	0.178001478	0.124727696
681.0377808	0.487037003	0.6649369	0.308834881	0.090328053	0.174041808	0.123729892
680.0264893	0.489025176	0.667201519	0.311278552	0.091561161	0.169996828	0.128096476
679.0148315	0.487915933	0.66551137	0.308991879	0.090603441	0.172000721	0.125853643
678.0029297	0.495261014	0.668310583	0.314908296	0.092805251	0.177390069	0.126930997
676.9906006	0.492504865	0.667804599	0.313033581	0.092097707	0.174632326	0.127393335
675.9780273	0.494526982	0.669557512	0.313712567	0.092824675	0.178724438	0.127852589
674.9651489	0.499202699	0.674608111	0.313319892	0.094957776	0.174234957	0.133245334
673.9519043	0.500923395	0.669709802	0.316341311	0.095937073	0.179256201	0.125011504
672.9383545	0.49567315	0.669317305	0.310827971	0.092063569	0.171016857	0.12579751
672.0693359	0.504231393	0.673886418	0.318172514	0.097670972	0.179771587	0.134138018
671.0551758	0.503385425	0.67389369	0.31795159	0.098207831	0.176867157	0.133156478
670.0407104	0.500266731	0.673488796	0.314143628	0.096757077	0.175233156	0.129013225
669.0259399	0.505971551	0.675547481	0.317398965	0.098168463	0.180301189	0.133500293
668.0108643	0.506054044	0.675426245	0.317157447	0.098975398	0.176369891	0.13143976
666.9954834	0.508781433	0.678369463	0.318386048	0.099004433	0.179954663	0.132691488
665.9797363	0.509340942	0.676952183	0.317249864	0.099464521	0.178811207	0.13348864
664.9637451	0.511371553	0.68008405	0.319059581	0.09980876	0.181014836	0.133776754
663.9473877	0.511059105	0.676579416	0.317493111	0.100402243	0.17691496	0.133091062
662.9307251	0.514134347	0.679636896	0.320377082	0.100093685	0.181734964	0.135676324
662.059082	0.516820014	0.682327569	0.321325004	0.102060475	0.185034141	0.138387591
661.0418091	0.517419815	0.681909144	0.322785705	0.10075108	0.185360551	0.135763317
660.024292	0.516078889	0.681350708	0.322015137	0.10259895	0.184271678	0.133486569
659.0064087	0.518072903	0.683122933	0.321792543	0.100081362	0.182877198	0.129342452
657.9882202	0.519229531	0.683006287	0.322753072	0.102978759	0.183819145	0.134575501
656.9697876	0.518881381	0.680935621	0.318482369	0.100327812	0.181708306	0.13506566
655.9509888	0.522436023	0.68148309	0.323256373	0.102294102	0.180747241	0.133953199
654.9318848	0.524663031	0.685417771	0.320093125	0.102016732	0.17768164	0.137093589
654.0581055	0.525146842	0.682879269	0.32006821	0.102595642	0.184233576	0.135633901
653.0384521	0.525909782	0.687027335	0.324035853	0.102463082	0.186023608	0.137177333
652.0184326	0.527941406	0.683837056	0.32246694	0.104530416	0.181360915	0.136917293
650.9981689	0.531507611	0.68740046	0.322779447	0.104748868	0.183514431	0.137888223
649.9775391	0.53150475	0.687499285	0.326187491	0.105216041	0.182031795	0.136067674
648.956665	0.531434298	0.685953319	0.323974162	0.104150735	0.18126452	0.136288062
647.9354248	0.534968495	0.688790798	0.326429397	0.107335135	0.185033187	0.139663905
647.0598755	0.532156527	0.68731457	0.324745715	0.103890665	0.185759738	0.139075816
646.0380859	0.540014923	0.692173839	0.328831017	0.110338226	0.189092636	0.142046198
645.0160522	0.539429188	0.690518856	0.326013893	0.10797511	0.189109072	0.141630739
643.9936523	0.537607074	0.690773428	0.326514989	0.106078558	0.187907428	0.137847364
642.9709473	0.538062453	0.692542672	0.326395512	0.103576884	0.189304322	0.13813962
641.947937	0.541023076	0.69449687	0.33190009	0.109447002	0.188904941	0.14108339
641.0708618	0.538792312	0.691917777	0.327807337	0.108352207	0.185860083	0.139298514
640.0473022	0.543314278	0.693520844	0.329826564	0.108043857	0.188653797	0.142790243
639.0234375	0.545091689	0.692978382	0.328033269	0.109511986	0.189824805	0.139732823
637.9993286	0.547615469	0.695537269	0.330093205	0.111639038	0.190274417	0.142807543
636.9748535	0.546906352	0.694028318	0.327224255	0.110894486	0.191143394	0.137549505
635.9500732	0.549803376	0.693934381	0.329837143	0.109395318	0.189649224	0.143245056
635.0714722	0.551264167	0.6953426	0.331234455	0.11081373	0.190589219	0.142689318
634.0461426	0.550493121	0.696449161	0.329065919	0.110422641	0.187967673	0.140273288
633.0205688	0.551618934	0.696992397	0.332503319	0.114089854	0.192551494	0.147042677
631.9946289	0.555223644	0.69976753	0.33195743	0.113745682	0.194067597	0.143318221
630.9684448	0.5579319	0.699267983	0.335360706	0.116927274	0.195819706	0.147057936
629.9418945	0.559114218	0.702322006	0.334432274	0.114316873	0.195287287	0.143823937
629.0618286	0.556714356	0.701027572	0.332458049	0.112637132	0.189641103	0.145212695
628.034729	0.561354637	0.701426983	0.33564356	0.113558807	0.189208597	0.149051562
627.0073853	0.560677886	0.700444877	0.332491398	0.11574962	0.189353049	0.147705451
625.9797363	0.564408124	0.705113411	0.335915238	0.116391026	0.197660983	0.148745492
624.9517822	0.565872252	0.70336616	0.334997505	0.117518887	0.195195749	0.148311228
624.0704346	0.567104578	0.703783751	0.3370184	0.118484922	0.194032997	0.151504263
623.0419312	0.566117942	0.705405772	0.335376501	0.117717452	0.19528243	0.150996491
622.0131836	0.564605594	0.702046871	0.336147696	0.116795458	0.191150963	0.149807498
620.9840698	0.568066597	0.703485847	0.338350266	0.115909278	0.195375934	0.150762394
619.9547119	0.570733368	0.709200919	0.338017643	0.118091151	0.19718422	0.153788775
619.0721436	0.570370138	0.706036627	0.338025957	0.118086018	0.194040567	0.152013406
618.0422363	0.572986782	0.708008528	0.338344902	0.121541701	0.200478047	0.152339697
617.0120239	0.576067269	0.709704578	0.342043966	0.119299948	0.200403512	0.154841065
615.9815063	0.575338662	0.711666167	0.343129277	0.122485444	0.204167083	0.15292652
614.9507446	0.57300812	0.707137346	0.338228077	0.118768826	0.198408335	0.152532414
614.0669556	0.578366756	0.710785925	0.338886738	0.12074174	0.200689942	0.156122834
613.0356445	0.580572248	0.709374726	0.341110289	0.119003549	0.20266977	0.159060687
612.0040283	0.580281675	0.711037993	0.341624588	0.122791171	0.205730707	0.154653058
610.9721069	0.582817912	0.713698804	0.340028912	0.120182253	0.202349812	0.154416725
609.9399414	0.58584404	0.714355588	0.342128336	0.123817049	0.200851917	0.158818513
609.0549316	0.584870219	0.712545157	0.342927069	0.123737395	0.198531553	0.160093352
608.0222168	0.582960665	0.710786641	0.339912087	0.119620733	0.200971097	0.154294953
606.9891968	0.58742559	0.714632392	0.344370246	0.123088628	0.206199974	0.160299942
605.9559326	0.587770224	0.713053048	0.34260878	0.122249693	0.205362797	0.15892297
605.0700073	0.590622127	0.717654169	0.343892515	0.123267993	0.210580736	0.159654543
604.0361328	0.591252387	0.716623962	0.345720768	0.126397386	0.204872698	0.162467495
603.0020142	0.591372192	0.717148244	0.344630152	0.122672595	0.206075013	0.158017442
601.9676514	0.597764075	0.717485011	0.346402258	0.129185617	0.209816858	0.165593118
600.9329834	0.594218314	0.718031585	0.343509644	0.124606691	0.209052682	0.1657314
600.0458374	0.595561028	0.720353723	0.344820559	0.128904045	0.211427063	0.16531606
599.0106201	0.596866548	0.718023777	0.343191892	0.126147643	0.208705038	0.16659528
597.9751587	0.597263157	0.721926987	0.345893115	0.123451807	0.208414108	0.167052001
596.9393921	0.6010167	0.721809506	0.347170144	0.128555849	0.208847925	0.167426452
596.0513306	0.602763593	0.724152505	0.348625392	0.129931212	0.212403551	0.169508204
595.0150146	0.602243722	0.721466243	0.34776777	0.129378751	0.212111637	0.16781497
593.9784546	0.60856384	0.72377187	0.350549102	0.131341711	0.216610164	0.173473194
592.9415894	0.606115341	0.722763181	0.348319233	0.127846196	0.215454698	0.168704927
592.0526123	0.604765415	0.72228539	0.3469432	0.127815306	0.213251039	0.167920589
591.0152588	0.606333494	0.722898006	0.345556259	0.130019948	0.219816178	0.167520627
589.9776001	0.610204101	0.7275123	0.350194812	0.132988453	0.224830911	0.171507374
588.9396973	0.610838532	0.726339161	0.350553662	0.131506309	0.216747642	0.170373738
588.0498047	0.610023439	0.724575698	0.349094033	0.129598588	0.220040441	0.171795592
587.0113525	0.613977373	0.725227833	0.347877681	0.131091029	0.217591494	0.17276831
585.9725952	0.610602975	0.724413097	0.349404782	0.130861118	0.220398441	0.172389999
584.9335938	0.616882742	0.729362369	0.350247145	0.132197991	0.223364934	0.174507126
584.0427856	0.616695344	0.728428006	0.351389408	0.129551977	0.222035706	0.169945866
583.0032959	0.615209937	0.728242397	0.349116921	0.130280569	0.22198154	0.174352899
581.963501	0.61753732	0.726890683	0.350736737	0.12990737	0.222513557	0.176012665
581.0720215	0.62134552	0.730628669	0.352955908	0.134935379	0.223518729	0.175793067
580.0317383	0.622748435	0.728871048	0.35136801	0.135730982	0.22788167	0.177984089
578.9911499	0.622343063	0.72647363	0.353738517	0.133691132	0.225752622	0.172658473
577.9503174	0.623208702	0.728981197	0.354317308	0.132401675	0.2259821	0.175078988
577.0579224	0.627285957	0.733203471	0.358557761	0.136177599	0.230282202	0.182656705
576.0166016	0.62717545	0.730734468	0.355120719	0.135543317	0.227916703	0.177701831
574.9749756	0.629294992	0.732000411	0.353163242	0.137242094	0.227934554	0.181464344
573.9330444	0.626402497	0.72796762	0.349969894	0.131613791	0.22366792	0.177150399
573.0397949	0.63255614	0.73435986	0.354733735	0.138606504	0.23006098	0.180767462
571.9973755	0.632058322	0.730700493	0.352211058	0.137326673	0.228180334	0.176878899
570.9547119	0.634686053	0.735044062	0.358023882	0.139219508	0.233283058	0.185462713
570.060791	0.637263238	0.735883415	0.358600557	0.139335871	0.231344909	0.184589371
569.0176392	0.632675171	0.731453896	0.352417469	0.135400057	0.232917175	0.180761606
567.9741821	0.637808144	0.73534447	0.355499357	0.138570041	0.23317951	0.184620172
566.930481	0.64130199	0.735032082	0.352364361	0.135566264	0.228243649	0.181701183
566.0357056	0.636835218	0.731776416	0.355471373	0.137413725	0.2309573	0.186728105
564.9914551	0.641157687	0.734731734	0.354514122	0.139239982	0.234335706	0.185184553
563.9470215	0.643979609	0.732687533	0.3572146	0.137564182	0.237135857	0.189512163
563.0515747	0.643285394	0.73439914	0.355359346	0.135799244	0.234571278	0.182795569
562.0065918	0.644161105	0.736824989	0.358109802	0.141744196	0.234757245	0.183497757
560.9613647	0.648034096	0.737313092	0.358372837	0.144413292	0.233027995	0.189466029
560.0652466	0.643265367	0.732096851	0.355209678	0.139378756	0.232825041	0.184570789
559.0195313	0.649637759	0.735486567	0.357838124	0.140455604	0.237124994	0.19144237
557.9735718	0.649153292	0.736598849	0.354912669	0.141776025	0.236256734	0.187671006
556.9273071	0.653236151	0.736453414	0.356514007	0.139483959	0.236958742	0.188726142
556.0303345	0.652723134	0.735389233	0.357269198	0.140171528	0.239715621	0.188344106
554.9835815	0.653515637	0.739788234	0.3574754	0.141252101	0.239877299	0.190800369
553.9365845	0.655624867	0.738288522	0.357600123	0.143798336	0.242024124	0.19077988
553.0389404	0.659606636	0.740150631	0.3591564	0.144567609	0.239985347	0.193443999
551.9915161	0.661952794	0.740297616	0.358921021	0.146164522	0.240891889	0.195119143
550.9437256	0.660136342	0.738836229	0.359906256	0.145338059	0.243953884	0.195451245
550.0454712	0.659232259	0.739495575	0.362113804	0.145596996	0.244043633	0.196559712
548.9972534	0.661845923	0.739484072	0.359315664	0.1455414	0.242354259	0.196387008
547.9487915	0.665747047	0.743791282	0.360427916	0.148748085	0.246240452	0.196982697
547.0498657	0.667741358	0.74362278	0.362336606	0.146161288	0.246905193	0.198814422
546.0009155	0.66481626	0.739440441	0.358216375	0.144370124	0.246213213	0.197237611
544.9517212	0.669398546	0.74332577	0.360749722	0.14790602	0.245993719	0.199790314
544.0521851	0.666989327	0.742986441	0.36397031	0.147351489	0.250317842	0.199218273
543.0025024	0.667673349	0.740979433	0.360225648	0.144992828	0.245489389	0.194728971
541.9525757	0.672742784	0.745383143	0.362322003	0.149505541	0.243629009	0.199652508
541.0523682	0.673267126	0.744613707	0.363116384	0.149447277	0.245136976	0.198645845
540.0019531	0.670311868	0.745144904	0.362602472	0.147738189	0.248177856	0.202490985
538.9512939	0.67558825	0.74291122	0.363262832	0.151667833	0.246150106	0.202254444
538.0505371	0.675421774	0.745494783	0.363846421	0.148541555	0.250076652	0.204663679
536.9993286	0.672823727	0.742077887	0.358635485	0.143384501	0.250152946	0.198990881
535.947937	0.679756522	0.747827709	0.36495024	0.152211085	0.250198394	0.208156928
535.0465698	0.682111681	0.74654901	0.362942874	0.151108861	0.250491381	0.208589613
533.9946899	0.680579901	0.745286405	0.360461921	0.145584032	0.247879267	0.202456608
532.9425659	0.681668341	0.74486953	0.362209678	0.147778243	0.245939687	0.202536494
532.0405273	0.679812193	0.744189501	0.364357412	0.149352893	0.247304663	0.203389123
530.9879761	0.685691893	0.748726606	0.365570188	0.147129998	0.254270703	0.210450426
529.9351196	0.687828064	0.750415087	0.36545381	0.147572428	0.25084874	0.20989202
529.0324707	0.685095727	0.748477757	0.361093521	0.147250101	0.246384323	0.205165744
527.979187	0.687358439	0.748663187	0.364957392	0.150329769	0.249856621	0.208042204
526.9256592	0.693103492	0.75115478	0.366864294	0.151657805	0.257505149	0.21466583
526.0223999	0.691277206	0.753462553	0.369497716	0.155424476	0.255834788	0.214811102
524.9683838	0.69174403	0.750982225	0.368250281	0.153536156	0.250932515	0.215293899
524.0647583	0.692036092	0.750344276	0.366905063	0.151960909	0.258060515	0.212932691
523.0102539	0.693670213	0.752547145	0.368393719	0.153479576	0.261817753	0.219110966
521.9555664	0.697206914	0.753476679	0.368223578	0.152001351	0.257156014	0.215929017
521.0513306	0.698301852	0.754443586	0.366511434	0.154926047	0.261357874	0.21996586
519.9961548	0.697011352	0.751666427	0.364091545	0.148583904	0.257348567	0.213352397
518.9407349	0.697559416	0.752551973	0.364213258	0.152004406	0.258518785	0.215507671
518.0358887	0.69751823	0.750063002	0.368646979	0.151761621	0.252427995	0.213729814
516.9799805	0.701161981	0.752886415	0.368227422	0.151546165	0.260646284	0.216934577
516.0747681	0.697783351	0.750895858	0.367918968	0.150806725	0.256815225	0.217462659
515.0184326	0.700925887	0.748992145	0.367891699	0.152215049	0.256048232	0.217747331
513.961853	0.699974001	0.752231479	0.368187338	0.150858492	0.257249743	0.21631217
513.0560303	0.70593828	0.752440572	0.367337793	0.152052239	0.260709494	0.219510853
511.9990234	0.704841912	0.754497051	0.366900891	0.154747412	0.259771705	0.219037324
510.9417725	0.703938544	0.75066936	0.367283434	0.153152645	0.256539434	0.216406971
510.0353394	0.708110094	0.75302583	0.36795184	0.151997387	0.258080006	0.221990392
508.9776306	0.706805885	0.752690315	0.367429555	0.153383866	0.257031888	0.219538912
508.0708313	0.706052065	0.751438201	0.367606163	0.15073435	0.256001055	0.216888294
507.0126953	0.713405967	0.753852665	0.369793505	0.155218631	0.263465136	0.22405602
505.9542847	0.711312652	0.754752576	0.370029062	0.154779986	0.263727576	0.222654969
505.0469055	0.71214962	0.757859051	0.367137283	0.154222474	0.263092607	0.220802814
503.9880676	0.710659385	0.755299211	0.367282957	0.155059606	0.264553666	0.220565051
502.9290161	0.716076791	0.75823617	0.37103045	0.157880202	0.266000092	0.221250624
502.0210571	0.716522396	0.756001711	0.370307595	0.155600935	0.266042709	0.223851994
500.9615173	0.712664247	0.753878832	0.36629644	0.151320651	0.266706765	0.219982609
500.0531921	0.715348601	0.753321111	0.368419737	0.156182364	0.269279182	0.225556538
498.9932251	0.719391406	0.758159459	0.367787272	0.157777593	0.266020477	0.224964514
497.9330444	0.719736755	0.756973684	0.369053543	0.15657182	0.265747219	0.226045996
497.0241394	0.720716119	0.758334935	0.370493263	0.157693848	0.264780104	0.224313065
495.963501	0.719234347	0.753308117	0.366927862	0.154150337	0.268272042	0.222273335
495.0542297	0.723646045	0.755479038	0.367841423	0.156817198	0.272383958	0.227649778
493.9931641	0.721127808	0.75552249	0.369257033	0.154829085	0.273420572	0.225657687
492.9318848	0.723620892	0.755461752	0.367235214	0.156123281	0.269919634	0.22684069
492.0220032	0.727629066	0.760332823	0.370524168	0.157006487	0.26715821	0.228858143
490.9602966	0.725610912	0.754708469	0.367160559	0.155223072	0.273251027	0.226700142
490.0500793	0.723822057	0.756213367	0.366900682	0.154359371	0.270141602	0.225495026
488.987915	0.73216182	0.758180618	0.371460587	0.159021333	0.2741566	0.22935918
487.9255371	0.734660924	0.759396255	0.371182591	0.160023525	0.26709336	0.225394398
487.01474	0.730478287	0.75463438	0.367671847	0.157441095	0.268259853	0.225290462
485.9519348	0.732888222	0.759799779	0.367789567	0.158911556	0.273490042	0.231763721
485.0407715	0.733431041	0.760998368	0.368804902	0.159725204	0.278007329	0.23014757
483.9775391	0.73581779	0.757970989	0.367320836	0.158426374	0.268494338	0.223727152
483.0660095	0.732784331	0.758321166	0.364777207	0.158499554	0.272714585	0.227189437
482.0023804	0.73444128	0.755076349	0.365748942	0.154868797	0.274372727	0.229560226
480.9384766	0.738729954	0.756012559	0.368673384	0.158677116	0.274847597	0.232129931
480.0263977	0.735868037	0.754676819	0.365995139	0.156030208	0.275613159	0.232281044
478.9620972	0.73971808	0.757386208	0.366704404	0.156603858	0.27774787	0.233352125
478.0496521	0.736851573	0.757354498	0.365983307	0.155868664	0.273042113	0.23095271
476.9849243	0.739377081	0.760052443	0.366000086	0.158781201	0.275302798	0.235374257
476.0721436	0.742918789	0.761316598	0.369823247	0.163265526	0.277737171	0.234959871
475.0069885	0.744864702	0.760560215	0.372380465	0.15915142	0.280428737	0.235689446
473.9416504	0.740169585	0.758078694	0.370215893	0.15841955	0.281739622	0.234047189
473.0282898	0.739433885	0.75791198	0.36574617	0.157605693	0.279361874	0.23146832
471.9625244	0.744772255	0.759829223	0.369101852	0.160370946	0.278498411	0.233962849
471.0487976	0.744613349	0.759090722	0.366953433	0.160470575	0.278691024	0.231469542
469.9826355	0.74556315	0.759008527	0.368350923	0.156874329	0.281594724	0.234693512
469.068573	0.743472517	0.756783962	0.365171433	0.156997457	0.276977658	0.232147336
468.0019531	0.748119056	0.756870151	0.366681457	0.160575837	0.282304794	0.234869212
466.9351501	0.752386808	0.760264933	0.369302303	0.160932854	0.283194363	0.239343911
466.0205383	0.749162257	0.757077038	0.369140744	0.159800708	0.283752263	0.23565194
464.9533081	0.752627254	0.760997176	0.37049067	0.160956889	0.28663674	0.238877296
464.0383606	0.750673711	0.757930338	0.36702317	0.159150451	0.277101278	0.235665709
462.9707336	0.751969099	0.759748876	0.363739282	0.160159186	0.285619974	0.237047911
462.0554504	0.753039539	0.762356341	0.368282735	0.160633802	0.282599926	0.243589729
460.9873962	0.752880335	0.758087874	0.368663847	0.16131489	0.284687966	0.236287057
460.0717773	0.754303396	0.761235297	0.365605027	0.158947393	0.285302997	0.237096399
459.0033264	0.757398009	0.760326445	0.369747907	0.161821276	0.288408935	0.238249674
457.9346619	0.755675733	0.759699225	0.368011415	0.159418553	0.291123241	0.236850023
457.0184937	0.757656097	0.761238992	0.368512631	0.159516573	0.290277094	0.241230503
455.9494324	0.759226501	0.759063065	0.368311793	0.161221817	0.290178716	0.242290586
455.0328979	0.75938952	0.759576261	0.367532581	0.160845295	0.291128963	0.242044866
453.9634399	0.758142471	0.758552551	0.36439848	0.159351856	0.286991119	0.239854232
453.0466003	0.760123313	0.761396468	0.367955834	0.160957903	0.292412669	0.242876068
451.9767456	0.764597654	0.759827673	0.366538644	0.161079451	0.296352685	0.242760927
451.0595398	0.762827873	0.761170983	0.367166817	0.161019668	0.296584994	0.24478206
449.9892883	0.766734064	0.762899756	0.368377358	0.16325663	0.293409467	0.246565729
449.0717773	0.763711989	0.761570633	0.364564151	0.159617722	0.296075374	0.24105978
448.0011292	0.769165218	0.764581561	0.36778149	0.162857518	0.298410446	0.244532839
446.9302673	0.770032227	0.763029754	0.366185665	0.160653323	0.293190986	0.243117541
446.012207	0.767970979	0.761458576	0.36743331	0.159700498	0.292901576	0.243172228
444.9409485	0.771184444	0.762403309	0.366937846	0.160890326	0.299657524	0.247429609
444.022583	0.773329675	0.764530659	0.367912144	0.164589956	0.296386421	0.249356061
442.9509583	0.771463633	0.762916982	0.365943819	0.161199227	0.298742443	0.242494807
442.0322266	0.771220088	0.761143088	0.365178108	0.159060612	0.296051711	0.246390536
440.9602051	0.773751736	0.76043725	0.365153104	0.160706312	0.297709435	0.246139616
440.0411682	0.772568584	0.758695066	0.365882456	0.158902258	0.299882948	0.244819537
438.96875	0.77384156	0.759972155	0.362830162	0.159657791	0.2955212	0.247423351
438.0493774	0.77517128	0.761061966	0.364130884	0.158924103	0.29638648	0.246342376
436.9765625	0.772423565	0.759381712	0.359307826	0.159784555	0.295503616	0.244023025
436.0568848	0.774356008	0.759469271	0.362049699	0.160307169	0.294784874	0.247963876
434.9837036	0.778349221	0.759552836	0.365105033	0.162206352	0.297937959	0.249695182
434.0636597	0.774117053	0.755401313	0.362126946	0.155102119	0.295241028	0.243943945
432.9901123	0.777380407	0.76283586	0.361533493	0.162852958	0.300067961	0.246990576
432.0697632	0.780211866	0.765307784	0.370327294	0.165177226	0.305622071	0.250118464
430.9958191	0.78107667	0.764375567	0.36772275	0.161978617	0.304234117	0.25333485
430.0751343	0.780191004	0.758802772	0.362056106	0.160591453	0.303722441	0.252138853
429.000824	0.782793522	0.76251334	0.365643203	0.164998159	0.298935026	0.251005739
427.9263	0.778747201	0.756514013	0.359310895	0.156952158	0.30052343	0.247368932
427.005127	0.779697835	0.761232376	0.360340089	0.1595532	0.294964343	0.2507779
425.9302368	0.788030684	0.767531514	0.367900431	0.166459844	0.305081666	0.257332295
425.0087585	0.783432365	0.766550183	0.363742828	0.159504533	0.300958246	0.256176323
423.9334717	0.787234485	0.762055337	0.362060726	0.160727143	0.296263099	0.258767217
423.0116577	0.786610246	0.763653576	0.364670187	0.160881177	0.298586816	0.25365293
421.9360352	0.788369656	0.763593078	0.362144709	0.162952438	0.304112941	0.254596978
421.013916	0.789090753	0.762417138	0.363044471	0.16207099	0.299285114	0.252181977
419.9378967	0.788546205	0.763619542	0.362322807	0.162310615	0.302189142	0.26448518
419.0154724	0.787096202	0.763021052	0.360617548	0.161326751	0.300978959	0.260160565
417.9390869	0.789695323	0.763629973	0.362637222	0.160285637	0.305014819	0.260905683
417.0163269	0.791755557	0.765043259	0.363985986	0.164567828	0.299874216	0.261081874
415.9396057	0.791846931	0.762341559	0.360597074	0.164339438	0.302355111	0.256698906
415.01651	0.788147748	0.759835422	0.362426728	0.159359738	0.305005014	0.255161196
413.9394226	0.792042315	0.763516784	0.360634923	0.165646628	0.301001638	0.261551559
413.0160522	0.793174446	0.759389579	0.360049695	0.160141185	0.304933518	0.259321123
411.9385681	0.793254554	0.764374971	0.365117908	0.165548891	0.310985714	0.264866024
411.0148926	0.794607282	0.762774587	0.363824636	0.165542409	0.304205537	0.261985153
409.9370728	0.79582119	0.764505148	0.36303249	0.163799495	0.305347413	0.262694389
409.0130615	0.794228137	0.763697028	0.359287709	0.163759932	0.306510389	0.261562914
407.9348755	0.795934618	0.760501266	0.361082584	0.164142847	0.308261991	0.267092198
407.0105896	0.799369872	0.762787402	0.362815917	0.160933524	0.304175347	0.269935578
405.9320374	0.802042127	0.767681003	0.365444213	0.167738363	0.313206226	0.272788376
405.0074463	0.796859086	0.761584044	0.358775437	0.164204314	0.308029056	0.26670292
403.9285278	0.79462111	0.761891961	0.356812447	0.16292046	0.303572387	0.267069221
403.0036316	0.798890889	0.761381269	0.359902889	0.164879099	0.304973781	0.266389221
401.9243774	0.800125539	0.763578117	0.359720886	0.162378669	0.313941062	0.269676715
400.999176	0.801044583	0.762521744	0.358904094	0.16265659	0.313824892	0.267479837
400.073822	0.799152851	0.763492465	0.359088898	0.162610143	0.305288583	0.263471425
398.9940491	0.799652815	0.763761997	0.359668523	0.160506755	0.305090666	0.261603087
398.0683899	0.80118531	0.764945269	0.359212428	0.164836541	0.307411283	0.26906082
396.9882813	0.803279698	0.763289154	0.362875193	0.163128555	0.313938648	0.265997142
396.0623474	0.807337284	0.768500865	0.361091584	0.163601488	0.312143564	0.272141844
394.9818726	0.810535073	0.768571377	0.366091728	0.168523938	0.31349048	0.270818889
394.0556335	0.807737291	0.76652205	0.363799423	0.160982832	0.30624339	0.269117415
392.974823	0.808125198	0.762894929	0.358408839	0.162965104	0.309484273	0.262233824
392.0482788	0.807743907	0.761790752	0.360394239	0.160025761	0.310425341	0.266748428
390.9671326	0.806280196	0.763573766	0.359069675	0.161011294	0.312833846	0.267961979
390.0403137	0.80629772	0.760228276	0.357817173	0.161064819	0.309223324	0.269797564
388.9588318	0.812303484	0.766201615	0.359498471	0.16319482	0.314907193	0.265854925
388.0316772	0.811495662	0.766712487	0.357960939	0.164543673	0.314460754	0.270428687
386.9498596	0.811028957	0.763190568	0.357067227	0.163070142	0.315469116	0.26696074
386.0224304	0.811432064	0.762241721	0.359735161	0.164231435	0.317639977	0.27420634
384.9402771	0.810955763	0.763180316	0.362676919	0.165078029	0.312511563	0.272141844
384.0125732	0.810330927	0.766264796	0.359184951	0.162194878	0.319808066	0.271631539
382.9300537	0.812236369	0.765348554	0.36103487	0.162189022	0.319467723	0.269376457
382.0020752	0.811791718	0.764821827	0.362296879	0.161973819	0.317884743	0.271166712
381.0739441	0.811841428	0.763149202	0.36324814	0.160330609	0.31646046	0.271701127
379.9909363	0.819436967	0.7695629	0.370263189	0.166205838	0.325900137	0.276225835
379.0625305	0.819661617	0.76441586	0.367319405	0.163308054	0.321995616	0.279572487
377.9792175	0.818450153	0.768397808	0.366415948	0.165269628	0.319309324	0.274636746
377.0505066	0.817168713	0.767477512	0.364422411	0.164181903	0.316038787	0.273161441
375.9668579	0.816529274	0.762117326	0.361870408	0.156146243	0.319522619	0.269019246
375.0378723	0.818382919	0.765418947	0.361770243	0.161672205	0.318772882	0.268459529
373.9538879	0.819808304	0.764244556	0.361140221	0.16201964	0.322723836	0.271920711
373.0246277	0.818708122	0.763076961	0.359038979	0.164429948	0.31948629	0.274259418
371.9403381	0.817050219	0.762609422	0.358589083	0.161476404	0.322762966	0.27170977
371.0107727	0.818769515	0.762093782	0.358195454	0.162406132	0.315113485	0.268517733
369.9261475	0.821378231	0.767246664	0.361259997	0.163873181	0.317985833	0.272281528
368.9963379	0.8218081	0.765165389	0.360525072	0.165027455	0.317553222	0.272850364
368.0663757	0.824405849	0.763512313	0.359596849	0.165110558	0.318953365	0.276121378
366.9812927	0.824399352	0.766423106	0.361368835	0.162347361	0.32030955	0.273785532
366.0510559	0.825284302	0.766802371	0.358998865	0.163275257	0.32505399	0.271701455
364.9656372	0.826163888	0.763265431	0.359206528	0.16322425	0.322436154	0.273590893
364.0351257	0.82368809	0.764762878	0.3567186	0.158719912	0.325354308	0.270512462
362.9494019	0.831054449	0.767230153	0.360120833	0.16206561	0.328582257	0.275556713
362.0186157	0.830611408	0.770467162	0.360835165	0.166483507	0.323180586	0.270638973
360.9325562	0.828480363	0.763907969	0.354968756	0.160137549	0.316539466	0.269218832
360.0015259	0.8291412	0.765238404	0.356555879	0.162457109	0.320211142	0.269967526
359.070343	0.829042733	0.766242385	0.359261632	0.162680492	0.324262381	0.269864589
357.9838257	0.830337465	0.765351772	0.355955929	0.158873633	0.322127461	0.263268292
357.0523987	0.832150936	0.767322183	0.359430432	0.163321137	0.322061807	0.270068616
355.9655457	0.832152426	0.764325678	0.358777463	0.163336679	0.32391271	0.270772576
355.033844	0.83476156	0.765592217	0.358982652	0.165120125	0.325017601	0.27444762
353.9467163	0.835746884	0.765774667	0.358093262	0.161601678	0.325674087	0.275769323
353.01474	0.833598018	0.763143361	0.358498901	0.163346142	0.326083034	0.275075972
351.9272766	0.833694339	0.764289975	0.356402844	0.162313059	0.32489267	0.271215409
350.9950562	0.840240598	0.766674399	0.358390927	0.164285809	0.327067763	0.274619699
350.0626831	0.836934745	0.764337659	0.355965704	0.16212742	0.325803936	0.272272646
348.9747925	0.842888355	0.768111527	0.357972831	0.164937377	0.331240296	0.276902825
348.0421753	0.842616439	0.766884923	0.360418409	0.163487792	0.325872481	0.279233843
346.9539795	0.844687581	0.768087685	0.359303236	0.165269092	0.328401715	0.273838341
346.0210876	0.846365929	0.770273566	0.356725186	0.163417906	0.329008758	0.277021408
344.9325867	0.845929623	0.76633364	0.355865449	0.161785096	0.325318962	0.27493
343.9994507	0.84709537	0.769398332	0.358814597	0.164190367	0.327479184	0.273788989
343.0661926	0.846193016	0.767348766	0.354921043	0.162437245	0.329176575	0.274214745
341.9772339	0.84831965	0.769065619	0.358713508	0.164866805	0.325998873	0.277510256
341.0437012	0.849843919	0.768864334	0.356132209	0.164928824	0.327861548	0.276162624
339.9544678	0.851634145	0.772269189	0.356662095	0.166593432	0.331684053	0.277688265
339.0206909	0.849425256	0.76865679	0.356968433	0.16623424	0.32751745	0.275111079
337.9311523	0.856126905	0.774151385	0.359403551	0.166025668	0.330907792	0.280092955
336.9971313	0.853324115	0.769770801	0.357432336	0.163755372	0.328175485	0.276589453
336.0629883	0.852979839	0.767124951	0.354821771	0.164159581	0.329983145	0.278813094
334.9730225	0.854729533	0.768873811	0.354097396	0.162706628	0.331904531	0.277937859
334.0386047	0.86036998	0.774092794	0.36100626	0.169992954	0.334076673	0.282365799
332.9483337	0.85792923	0.771417439	0.35593912	0.163727894	0.332036555	0.279061079
332.0137024	0.859358549	0.772222042	0.357715279	0.165908486	0.329062134	0.284040421
330.9231567	0.863369465	0.770987928	0.35656175	0.167320266	0.334934413	0.279901564
329.9882507	0.865652025	0.77465719	0.359258354	0.167425528	0.336342782	0.284049153
329.0532532	0.866744876	0.773857057	0.35893938	0.168260545	0.335661203	0.285638541
327.9622803	0.869418204	0.775877953	0.359982133	0.168244377	0.338444769	0.28394416
327.0270081	0.865061939	0.773813784	0.355969369	0.166771293	0.328312159	0.281410575
325.9357605	0.870284021	0.775337875	0.356874466	0.168799728	0.334680408	0.283603072
325.0002441	0.877317846	0.782035351	0.360951573	0.172846541	0.339395762	0.288937777
324.0646362	0.873040557	0.77747488	0.356986523	0.167941272	0.331758052	0.282822698
322.9729614	0.875249386	0.777806699	0.358614177	0.168467745	0.337389916	0.282832682
322.0371094	0.874214411	0.779611588	0.360179126	0.170698017	0.337119311	0.285386473
320.9451294	0.877923369	0.779303551	0.360495806	0.169921026	0.342339933	0.28696847
320.0090637	0.876365304	0.781762838	0.356950581	0.16581212	0.337863475	0.283554882
319.0728455	0.880310535	0.781699181	0.360500872	0.170280218	0.337047398	0.286735326
317.9804688	0.880876064	0.783526301	0.360839933	0.170262784	0.337360948	0.287781864
317.0440369	0.880716145	0.779704452	0.356550694	0.167212635	0.335757434	0.288664967
315.9513855	0.883962393	0.783678591	0.361765534	0.172460273	0.345208943	0.295501709
315.0147095	0.885091007	0.782638848	0.360518277	0.169401586	0.333825856	0.288605601
314.0779114	0.887518525	0.784813821	0.358205795	0.17267403	0.336229265	0.287690371
312.9848633	0.891963065	0.783241153	0.361834973	0.171304256	0.338888466	0.293496221
312.047821	0.890007973	0.784114361	0.362232626	0.171387747	0.336487502	0.289546579
310.9544983	0.890867293	0.784183979	0.358438075	0.170537561	0.332867563	0.289823592
310.0172424	0.89626801	0.787218034	0.360932469	0.173591495	0.341250002	0.293813169
308.923645	0.894694448	0.787499845	0.359954834	0.168826878	0.340395182	0.293011397
307.986145	0.897731006	0.787219465	0.361117661	0.170379072	0.336352438	0.295163393
307.0485535	0.902462184	0.789080381	0.365969151	0.175186768	0.344946504	0.302508801
305.9545593	0.900969803	0.786231875	0.363231987	0.169975311	0.342118383	0.300694943
305.0167236	0.904894233	0.789279342	0.364952892	0.171973109	0.343496501	0.298971862
303.9224854	0.902793825	0.788507819	0.361186296	0.171008229	0.344681978	0.295694619
302.9844055	0.907201707	0.790003777	0.364196271	0.171785176	0.342815965	0.302102476
302.0462646	0.909847915	0.791228831	0.365391761	0.172696993	0.339703947	0.300633073
300.9515991	0.910006285	0.792951763	0.365514398	0.172980145	0.337466627	0.30306223
300.0132141	0.910013914	0.791041553	0.361852974	0.17090942	0.338235319	0.300780833
299.0747375	0.915297985	0.79548806	0.361707956	0.172613442	0.339813858	0.302275211
297.9797058	0.916694284	0.794818759	0.360742897	0.170467258	0.336709857	0.303073436
297.0409851	0.921241641	0.797156572	0.362507701	0.171488628	0.332729429	0.30277431
295.9457092	0.922794402	0.7980721	0.366282493	0.173577026	0.344244629	0.301976144
295.0067749	0.925843477	0.802237511	0.365244359	0.17589283	0.343159288	0.30607158
294.0677185	0.927655399	0.798682034	0.365837395	0.171147138	0.343154341	0.302243501
292.9720459	0.934625268	0.805796027	0.366912127	0.176308006	0.349594921	0.310422599
292.0328064	0.931755781	0.797578871	0.35891667	0.169819161	0.344182223	0.302898854
290.9368896	0.938464761	0.803141236	0.366447479	0.173722431	0.34412536	0.305271536
289.997406	0.938224793	0.80016005	0.36223048	0.169075519	0.33641997	0.30420062
289.0578308	0.942868054	0.807142735	0.364033938	0.173418537	0.343216866	0.302767873
287.9615173	0.948060095	0.811057627	0.36794287	0.174408793	0.350418836	0.306325346
287.0217285	0.947050631	0.808312893	0.366952747	0.175013214	0.344465792	0.307558298
285.9252014	0.95018661	0.813798904	0.366460919	0.175011829	0.343632817	0.308026105
284.9851685	0.955340564	0.815773726	0.371468872	0.175989375	0.347130179	0.309981704
284.0450745	0.959325969	0.817315638	0.371560007	0.174163058	0.344828814	0.309370905
282.9481506	0.961721778	0.814864218	0.369911164	0.172448263	0.346599996	0.309195697
282.007843	0.966040611	0.816649199	0.368896574	0.177264214	0.346982479	0.307742566
281.0674438	0.964646399	0.814362586	0.367470801	0.173424944	0.346035242	0.30113554
279.9701538	0.969180703	0.818531334	0.367120415	0.176257774	0.347756147	0.307361126
279.029541	0.971009493	0.819682479	0.371036708	0.174668551	0.351048172	0.311189145
277.9320068	0.974414766	0.821470797	0.372881442	0.174861953	0.352047056	0.312611908
276.9911804	0.976698041	0.823667467	0.374786615	0.177215397	0.351906508	0.311214566
276.0502625	0.978852272	0.824360132	0.372983426	0.175849646	0.345222563	0.309935778
274.9523621	0.986215532	0.827730179	0.375365436	0.17678684	0.352366418	0.311937243
274.0112305	0.98959583	0.826460481	0.376140386	0.176038757	0.353658736	0.315775096
273.0700073	0.989865363	0.828347802	0.374803811	0.17720446	0.356379628	0.312995911
271.9717712	0.98832804	0.829060972	0.375207156	0.17592828	0.356095791	0.315904588
271.030365	0.997800946	0.837322295	0.383707941	0.182272092	0.353637099	0.31386748
269.9318848	0.997180402	0.831195831	0.379234076	0.175893456	0.35353601	0.310190827
268.9902649	1.000669718	0.834240019	0.378558785	0.17488867	0.355933994	0.315640003
268.0485229	1.001029611	0.835668981	0.379113495	0.176228523	0.358817905	0.315273017
266.949707	1.008023262	0.838290334	0.378595859	0.176993638	0.35295707	0.317461699
266.007782	1.012089372	0.836556971	0.3797867	0.177119806	0.359624833	0.319317639
265.0657654	1.012073994	0.839589238	0.380329937	0.174337238	0.356166124	0.319967568
263.9666138	1.017760992	0.842155039	0.380645156	0.176763967	0.360905618	0.3215442
263.0243835	1.022894263	0.844579577	0.384562045	0.176050127	0.359752953	0.318185389
261.9250183	1.02273941	0.841908217	0.378639013	0.172964603	0.364352226	0.320360869
260.982605	1.029311776	0.845511138	0.383531869	0.178810582	0.36271286	0.323100835
260.0401001	1.035209417	0.846614301	0.382340163	0.179514229	0.357017756	0.313259721
258.9403992	1.033535004	0.845423281	0.381748378	0.177249193	0.357812226	0.319082648
257.9976807	1.036286354	0.848372459	0.382170588	0.177610874	0.364292741	0.321279258
257.0549011	1.03987205	0.8479473	0.383948207	0.176383451	0.35979566	0.3181566
255.9548492	1.04615891	0.85446012	0.387110621	0.18260026	0.361894906	0.323290139
255.0118713	1.047581315	0.852312565	0.382344484	0.178825975	0.360593647	0.319967777
254.0688019	1.054155111	0.85661149	0.385274708	0.180688933	0.371805102	0.326059669
252.9684296	1.05788815	0.85703361	0.384254247	0.178235427	0.366329461	0.322971374
252.0251617	1.058031797	0.856831968	0.386138231	0.179850072	0.364503324	0.324065477
250.9245911	1.062103868	0.856879413	0.38341257	0.178646475	0.367626756	0.32458666
