900.0557251	0.012205495	0.001648058	0.055319496	0.18384397	0.004259116999999993
898.9962158	0.015567185	0.004495622	0.056642178	0.18372643	0.005311147000000002
897.9360962	0.017876621	0.004961966	0.058065914	0.188000724	0.006232849999999998
897.0081177	0.020831781	0.00326227	0.056938559	0.186090991	0.005420289999999994
895.9469604	0.011666352	0.002650312	0.060399674	0.187355831	0.006338983999999992
895.0180054	0.013667122	0.002616546	0.056442767	0.186661378	0.0030329159999999966
893.9558716	0.018974788	0.0008592909999999999	0.055974398	0.18698819	0.002015225999999995
893.026001	0.013611187	0.001544839	0.05704933	0.187699467	0.004014403
891.9628296	0.013926427	0.001883535	0.057856888	0.188640878	0.003982470000000002
891.0321045	0.01764657	0.0006393749999999998	0.058462113	0.189949945	0.0025160840000000018
889.9678345	0.019630374	0.002312565	0.060706787	0.193854585	0.0018618629999999914
889.0361938	0.013085851	0.00369075	0.063137583	0.196659848	0.001029088999999997
887.9709473	0.016752517	0.00277626	0.06216412	0.196342975	0.004134513999999992
887.0383911	0.019909419	0.000909787	0.064105883	0.199592948	0.0029666500000000012
885.9721069	0.019373326	0.001894823	0.066190079	0.20029141	0.0016734600000000016
885.0386963	0.019175215	0.003520145	0.068779275	0.204365075	0.005967214999999998
883.9713745	0.021654438	0.004533553	0.070634939	0.207108289	0.007497645999999997
883.0370483	0.0203405	0.003456412	0.068971872	0.2059187	0.007964409999999991
881.96875	0.019917928	0.00440852	0.071403064	0.207476601	0.00644036399999999
881.0335083	0.014830826	0.003433083	0.068613924	0.205899775	0.0049807359999999995
879.9641724	0.023687759	0.002622638	0.068227172	0.208150744	0.004656895999999994
879.0280762	0.016640665	0.0023776789999999997	0.068140216	0.209858611	0.0038292479999999934
877.9577026	0.015571452	0.005305703	0.069852114	0.211178541	0.005395240999999995
877.0206909	0.017523274	0.0013239060000000001	0.068368524	0.20709832	0.0010507780000000022
875.9493408	0.017030148	0.002044475	0.068152696	0.210623071	0.0019895880000000005
875.0114136	0.020157592	0.000728243	0.070631526	0.213520512	0.0025361259999999997
873.9390259	0.015948242	0.002242922	0.071848646	0.213470161	0.0022484960000000026
873.0002441	0.028795183	0.004855699	0.075823605	0.219170347	0.005710422999999992
872.0610962	0.028035047	0.002887677	0.075971	0.21846588	0.002848134000000002
870.9872437	0.023911407	0.005488054	0.07928542	0.226038113	0.007811286000000001
870.0471191	0.02107078	0.00010316100000000005	0.074976251	0.222916022	0.0018877989999999956
868.97229	0.01860166	0.0016999340000000002	0.077210024	0.221540496	0.0033107629999999943
868.031311	0.0166362	0.	0.076339476	0.223941997	0.000522426999999992
866.9554443	0.018127441	0.002177623	0.075591624	0.225025922	0.0017245639999999979
866.0136108	0.023702275	0.001776035	0.077451505	0.225720972	0.003114112000000002
864.9367676	0.025578566	0.002047414	0.075229637	0.229522899	0.00344266
863.9940796	0.028857782	0.003154376	0.082655899	0.230991975	0.004165880999999996
863.0509644	0.025555173	0.006405491	0.080678158	0.233756065	0.004442685000000002
861.9725952	0.021897649	0.008608695	0.085816711	0.240399659	0.006477706
861.0286255	0.024546912	0.0005869569999999999	0.080450952	0.234605625	0.0033338819999999963
859.9492798	0.024385827	0.003620316	0.084852457	0.235949099	0.0008142069999999973
859.0044556	0.023298983	0.005521342	0.084439553	0.240452513	0.005369536999999994
858.0592041	0.024452969	0.00338131	0.082810171	0.240900233	0.002531200999999997
856.9783936	0.023981925	0.00927417	0.087182641	0.243545324	0.0075151249999999975
856.0322876	0.030598234	0.008745258	0.088479191	0.246156991	0.0055365419999999915
854.9505005	0.022128085	0.003192733	0.085347816	0.241430938	0.
854.00354	0.027625531	0.005005882	0.085900903	0.246401399	0.003606893
853.0561523	0.036895867	0.00669286	0.089330532	0.249264792	0.00491921599999999
851.9729004	0.030017836	0.00566939	0.088981248	0.249530852	0.004838295999999992
851.0246582	0.029667169	0.003632115	0.088954084	0.251077384	0.00014117399999999392
849.9404297	0.032085072	0.002312359	0.093200929	0.2525599	0.005496091999999994
848.991333	0.029114142	0.006868939	0.095120966	0.260861397	0.009481988999999996
848.0418091	0.033162531	0.005128672	0.096036457	0.258414	0.004771403999999993
846.9561768	0.025085319	0.004476541	0.09943673	0.263478637	0.007826640999999995
846.0057983	0.031001722	0.007933969	0.099390581	0.261578888	0.00333621399999999
845.0550537	0.025879318	0.0005661970000000001	0.097079203	0.261788487	0.0019995129999999944
843.9679565	0.028479526	0.006868939	0.102236934	0.267556936	0.006825544000000003
843.0162964	0.033712514	0.007948603	0.103171244	0.269002318	0.008122123999999994
842.06427	0.032703046	0.002838344	0.103515409	0.269851983	0.004829503999999998
840.975769	0.036390617	0.00687006	0.101594068	0.270968258	0.004395760999999998
840.0228882	0.03348228	0.004629601	0.100642577	0.27241382	0.002512350999999996
838.9334106	0.035350762	0.0025044250000000002	0.101540983	0.272563279	0.0030095499999999997
837.9797363	0.037963189	0.004986026	0.106865913	0.274600118	0.00439068699999999
837.0255737	0.033273548	0.006855253	0.107187405	0.276836485	0.004555188000000002
835.9346924	0.041281238	0.010341916	0.11583823	0.28669554	0.010417476999999994
834.9797363	0.034017496	0.011244975	0.116708413	0.289232522	0.011485758999999998
834.024353	0.033720121	0.009241562	0.114864767	0.285662741	0.007803283999999994
832.9320679	0.038613837	0.008128983	0.112118378	0.289528906	0.004616573999999998
831.9758911	0.031530965	0.006144544	0.112983346	0.289640278	0.005773879999999995
831.0192871	0.039138932	0.006044179	0.114233449	0.293774843	0.006852842999999997
830.0623169	0.039297875	0.009843409	0.119897872	0.296794593	0.009843460999999998
828.9681396	0.041019134	0.01277938	0.124498591	0.303735286	0.014679249999999998
828.0103149	0.032893077	0.012922391	0.124096982	0.303547919	0.012845184999999995
827.052063	0.037231524	0.007059589	0.118887223	0.300277978	0.00945813999999999
825.9564819	0.04200197	0.00772277	0.123464257	0.304347515	0.009930677999999998
824.9974365	0.045764346	0.014046856	0.12998338	0.312014073	0.015085972999999996
824.0380249	0.041574948	0.010086997	0.128554761	0.311202616	0.013161718999999995
822.94104	0.036213852	0.00723793	0.12758112	0.310795724	0.012303195999999995
821.9807739	0.03706352	0.00488214	0.124237411	0.309125572	0.00813112399999999
821.0201416	0.034982692	0.008635183	0.121403784	0.310457051	0.007697179999999998
820.059082	0.038508259	0.00926835	0.123852611	0.312982559	0.008386805999999997
818.9602661	0.038378332	0.010213939	0.125494778	0.315287471	0.010717019999999994
817.9984131	0.038985878	0.010033295	0.124173224	0.316669434	0.006641715999999992
817.0361328	0.04088043	0.008811395999999999	0.125243947	0.313883066	0.0051803589999999955
815.9359131	0.035274081	0.00630642	0.125503108	0.319207043	0.004717901999999996
814.9728394	0.041664205	0.007283642	0.128357574	0.321341425	0.006181515999999998
814.0093994	0.049655162	0.008703555	0.130906716	0.327011019	0.010679892999999996
813.0455322	0.048573628	0.008996719	0.130483896	0.326461434	0.009560197999999992
811.9434814	0.044958245	0.0013289	0.129043743	0.323969275	0.003962144000000001
810.9788208	0.043043457	0.0084452	0.133610919	0.330192417	0.009107649999999995
810.0137939	0.044824596	0.009412647	0.134520978	0.334873349	0.006935469999999999
809.0483398	0.044066962	0.012639799	0.140421838	0.336343586	0.009425982999999999
807.944519	0.048931908	0.009530762	0.137193874	0.339872062	0.00694310699999999
806.9782715	0.053066824	0.00885332	0.136380926	0.337569326	0.00799552399999999
806.0115967	0.049777679	0.009973692	0.139176056	0.344222218	0.008782417
805.0446167	0.050379153	0.009120119	0.141647309	0.344185591	0.010938249999999997
803.9389648	0.04346469	0.009871127	0.142180309	0.346251041	0.011850923999999999
802.9711304	0.047221661	0.008186032	0.140025139	0.350835472	0.00784537199999999
802.0029297	0.047790937	0.011731782	0.144402221	0.353030384	0.009051918999999992
801.0343628	0.047875036	0.012143901	0.144088864	0.355632186	0.011509855
800.0653687	0.048192389	0.009516127	0.145845801	0.357832015	0.006929650999999995
798.9575195	0.048069451	0.008543609	0.143757328	0.358350426	0.004748605000000003
797.9877319	0.046935961	0.008541097	0.149286374	0.358011127	0.00717712999999999
797.0175781	0.045021959	0.005461082	0.148549378	0.36209181	0.0036662069999999908
796.0470581	0.04737138	0.009218367	0.152359769	0.368278384	0.009363964000000002
794.937439	0.053399939	0.007889625	0.150656626	0.368488193	0.008028596999999998
793.9661255	0.055043906	0.011866614999999999	0.15179947	0.373604089	0.0052294879999999905
792.9943848	0.050290704	0.010809139	0.154354826	0.374937475	0.008315443999999991
792.0223389	0.058934182	0.015472366999999999	0.15803732	0.382226378	0.011158827999999996
791.0498657	0.058168836	0.012194406999999999	0.155010223	0.376350224	0.005847125999999994
789.9380493	0.054786932	0.012079099999999999	0.156923398	0.380811662	0.00900512199999999
788.9647827	0.055057451	0.01123468	0.157767877	0.382523119	0.009490743999999995
787.9911499	0.053386122	0.011844465	0.15893507	0.386814088	0.014628719999999998
787.0171509	0.057272412	0.012505519	0.163238049	0.389632165	0.012414157999999995
786.0427856	0.061723232	0.011743275999999999	0.161576018	0.390690178	0.009633645999999996
785.0680542	0.054123171	0.013583049	0.163439438	0.393922627	0.014137360999999994
783.9536133	0.057937309	0.014215974	0.164548695	0.396345943	0.014196687
782.9780884	0.060245007	0.014071769	0.166353434	0.399476856	0.015903692999999997
782.0021973	0.061879229	0.013556179	0.166978419	0.403460771	0.017031516999999996
781.0258789	0.054708354	0.013639123999999999	0.168876097	0.401151568	0.015498693999999993
780.0492554	0.055813592	0.014998296999999999	0.167548448	0.404771775	0.013206224999999995
778.9326782	0.059501309	0.017329134	0.170004249	0.41024363	0.014194518999999996
777.9552002	0.064743534	0.015606716999999999	0.170986846	0.414427578	0.012146062999999999
776.977417	0.056364007	0.017628636	0.172575116	0.417590529	0.014238901999999998
775.9992676	0.056547873	0.01547803	0.173726484	0.417877615	0.013547096999999994
775.020752	0.060379863	0.013394146	0.173736692	0.419357479	0.012533060999999998
774.0418701	0.062895462	0.018208618	0.178391218	0.42442289	0.015196834
773.062561	0.060279001	0.015635816	0.175851464	0.423621297	0.012483093999999993
771.9429932	0.060578886	0.015464203999999999	0.17794317	0.42844075	0.013290516999999995
770.9629517	0.064489193	0.01111531	0.182498738	0.429557592	0.014308267
769.9825439	0.063445829	0.014465343	0.180787519	0.431824356	0.013793409
769.00177	0.06132539	0.011499442	0.184951901	0.438003391	0.015604268999999997
768.0206299	0.069799647	0.01486432	0.187909618	0.44307816	0.014042343999999998
767.0391846	0.065380342	0.016759765	0.190197319	0.44750911	0.016018163999999994
766.057312	0.068596616	0.012698764999999999	0.1918706	0.449633688	0.013559584
764.9347534	0.065861449	0.007617575	0.190194994	0.452462643	0.013769592999999997
763.9521484	0.0651884	0.015721421	0.193593234	0.456323862	0.016431405999999996
762.9691162	0.064971805	0.012957548999999999	0.194054455	0.459962934	0.014144722999999998
761.9857788	0.06939166	0.010977132	0.195703805	0.461741328	0.014601058999999993
761.0020752	0.068033576	0.014091966	0.195149973	0.466618627	0.016741666999999995
760.0180054	0.070207037	0.014144502	0.19623071	0.466976762	0.015834118999999994
759.0335693	0.067349546	0.011923867999999999	0.195772782	0.467345804	0.015883523999999996
758.0488281	0.068421155	0.011842883	0.196785182	0.473362595	0.018475738
757.0636597	0.072624639	0.018418179	0.199008033	0.474642396	0.013906601999999997
755.9373779	0.071903102	0.015449952999999999	0.202680871	0.480008304	0.018105461999999996
754.9514771	0.0797313	0.015363868999999999	0.204603642	0.484264165	0.021073241
753.96521	0.074357904	0.019381938	0.20819138	0.484028369	0.021496836
752.9785767	0.073367581	0.013184375	0.205136269	0.48363933	0.016818016999999998
751.9915771	0.069829434	0.014830414	0.206486106	0.492044956	0.019481546999999995
751.0042725	0.07360886	0.015126124	0.209445253	0.491357297	0.021143197999999995
750.0166016	0.076544277	0.021041742	0.212845549	0.497978479	0.022106241999999998
749.0285645	0.074992061	0.018736087000000002	0.211663127	0.497615844	0.021409512
748.0401611	0.0778815	0.016468964	0.210840821	0.498893917	0.022262002999999995
747.0514526	0.076090962	0.014060214	0.210665613	0.500241458	0.020035318999999996
746.0623169	0.077571414	0.014645904	0.211246833	0.499746651	0.018236141999999997
744.9315186	0.079939052	0.019892784	0.218150362	0.510904193	0.026561181999999996
743.9416504	0.076433979	0.017637962	0.218230069	0.51552856	0.02493082
742.9514771	0.077378713	0.015694285	0.21856837	0.513872266	0.022800270999999997
741.9609375	0.081149772	0.01772733	0.220621839	0.518750548	0.024254869999999998
740.9700317	0.081655577	0.016520829	0.221303657	0.521118701	0.025408368999999993
739.9787598	0.082141452	0.018343202	0.225462347	0.526335776	0.026838507999999997
738.9871826	0.079657495	0.019577813	0.227271646	0.527788878	0.028169519999999997
737.9952393	0.086493827	0.021194155	0.22622098	0.531583428	0.026515982999999993
737.0029297	0.084888585	0.021256421	0.228922248	0.535400391	0.028694152999999993
736.0103149	0.082587078	0.018807569	0.226974383	0.53699851	0.026249259999999996
735.017334	0.082296483	0.022819128	0.231602654	0.540401459	0.029014799999999993
734.0239868	0.087607339	0.018402546	0.231290504	0.541388333	0.026870581999999997
733.0302734	0.091021352	0.021200135999999998	0.234667733	0.547192514	0.028692379999999996
732.0362549	0.086028181	0.021384379	0.236456841	0.550871015	0.026965658999999996
731.0418701	0.084237054	0.020261882	0.236961067	0.554790199	0.026643365999999995
730.0471802	0.084049538	0.020881926999999998	0.237949818	0.556193769	0.026780035999999993
729.052124	0.090111993	0.017826609	0.234773099	0.556133211	0.024398922999999996
728.0567017	0.086069174	0.014948473	0.236270279	0.558362305	0.023253444999999998
727.0609741	0.088526443	0.01843127	0.236604333	0.563923419	0.024950626999999996
726.0648804	0.086027615	0.021328048999999998	0.241706789	0.57027334	0.027634110999999996
725.0684204	0.087615512	0.02567132	0.245093867	0.573273063	0.028698540999999994
723.9291992	0.090805009	0.023450447	0.246714234	0.576947928	0.024180710999999994
722.9320679	0.091770977	0.02341749	0.248385653	0.579596698	0.026534422999999994
721.9345703	0.09127517	0.023960058	0.249642834	0.583620966	0.028126347999999995
720.9367065	0.091087878	0.024842733999999998	0.251949281	0.585253656	0.026574652999999997
719.9385376	0.094029702	0.024052689	0.249350414	0.588227212	0.031328045
718.9400024	0.092338324	0.015880173	0.247374058	0.587626994	0.025044638999999994
717.9411011	0.092818163	0.024192814	0.252330661	0.596114457	0.026898849999999995
716.9418945	0.096302792	0.022068980999999998	0.257071137	0.601158261	0.027278050999999998
715.9423828	0.092904687	0.022087069	0.257524878	0.601171196	0.027769695999999996
714.9425049	0.092561491	0.02334909	0.25851813	0.605001867	0.028652656999999998
713.9422607	0.09615612	0.01972579	0.257767141	0.609147906	0.024653225999999993
712.9417114	0.090899684	0.022681231	0.262588292	0.617949247	0.028806395999999998
711.9407959	0.097168654	0.023423014	0.262355804	0.617482543	0.029387250999999996
710.9395752	0.092488423	0.024964579	0.264100969	0.620322049	0.028627123999999997
709.9379883	0.097369723	0.023359055	0.261459857	0.622246981	0.027064013999999997
708.9360962	0.096765682	0.023768619	0.265065998	0.626192391	0.028985880999999998
707.9338989	0.095950276	0.022187672999999998	0.267005503	0.63200444	0.029128383999999993
706.9313354	0.099153697	0.026520118	0.266319931	0.634447932	0.03237813
705.9284058	0.100014515	0.024752677	0.267650127	0.63744539	0.028500370999999997
705.0685425	0.100368224	0.024064949	0.270897925	0.639744639	0.030950077
704.0650024	0.102487207	0.021968808	0.271817565	0.641562343	0.030285220999999994
703.0611572	0.103605241	0.022516703	0.274764359	0.645701766	0.031801212999999995
702.0569458	0.104465187	0.024778538	0.277212888	0.647334874	0.033831350999999996
701.0524292	0.107821755	0.024835101	0.274083883	0.652117431	0.033673179
700.0476074	0.106193975	0.024247427	0.278057754	0.656432569	0.035772364999999993
699.0424194	0.108659551	0.021502695999999998	0.275629073	0.658008516	0.031389058
698.0369263	0.09827131	0.023527476999999998	0.2779845	0.664226115	0.033529271
697.0310669	0.102140114	0.025835088	0.280765951	0.670543134	0.036262515999999995
696.0249023	0.107851088	0.023789407999999998	0.283789128	0.674478233	0.03529267
695.0184326	0.1079778	0.021330878	0.283514321	0.674083829	0.033652071
694.0115967	0.114759795	0.023223205	0.284953475	0.677950323	0.029713552999999997
693.0044556	0.113780297	0.022859453	0.288023591	0.682716191	0.03443996999999999
691.9970093	0.109703928	0.019492168	0.28553617	0.682919741	0.03335336999999999
690.9891968	0.104662426	0.022309152999999998	0.291065544	0.686124444	0.035236175999999994
689.9810791	0.112903237	0.018825548	0.289587945	0.689113915	0.035428486999999995
688.9725952	0.115013376	0.018947806	0.290156603	0.695611	0.034713193999999996
687.9638672	0.113809973	0.020041945	0.292021632	0.698471487	0.034500714999999994
686.9547729	0.117407136	0.019484708	0.295348555	0.702344775	0.033095903999999995
685.9453125	0.117049955	0.019226353	0.296774149	0.707184076	0.033879489
684.9355469	0.118584611	0.021072554	0.297286332	0.708501875	0.034732177999999995
684.0698242	0.117693931	0.02563509	0.302419841	0.714975834	0.038362019
683.0594482	0.122099236	0.026616818	0.301875472	0.718857467	0.038021139999999995
682.0487671	0.125247479	0.022873326	0.302362353	0.718795836	0.035156992
681.0377808	0.120772608	0.024063403	0.304119796	0.723553419	0.03524717299999999
680.0264893	0.123367168	0.022381252	0.305597454	0.728525102	0.037675048999999995
679.0148315	0.120028079	0.019691209	0.304815352	0.731674254	0.035241342999999994
678.0029297	0.127782986	0.018134773	0.305844128	0.733010173	0.037147269
676.9906006	0.124483489	0.023917003	0.309655279	0.739628851	0.039236854999999994
675.9780273	0.1223488	0.024719728	0.312877506	0.74582684	0.042957476999999994
674.9651489	0.122967392	0.022135882	0.309921771	0.748496294	0.039704073
673.9519043	0.12123175	0.021410471	0.312196344	0.748869598	0.039230685999999994
672.9383545	0.127643526	0.020238521	0.311304152	0.756858409	0.037759605999999994
672.0693359	0.130002379	0.0228386	0.311981499	0.756682932	0.039782368
671.0551758	0.128738731	0.026424449	0.316115886	0.766473055	0.044012209999999996
670.0407104	0.125779808	0.026695418999999998	0.318665773	0.764318109	0.04316539899999999
669.0259399	0.127142936	0.026948758	0.318025798	0.766816616	0.044333768999999995
668.0108643	0.131698057	0.024406424	0.315370143	0.769081295	0.04135457099999999
666.9954834	0.12742433	0.024668205999999998	0.322207034	0.776213825	0.044518580999999995
665.9797363	0.132284448	0.024672008999999998	0.321753979	0.780579686	0.043250160999999995
664.9637451	0.136108682	0.028750617	0.323541135	0.784333706	0.044396688
663.9473877	0.12863186	0.026340662	0.324473143	0.787559211	0.04532636499999999
662.9307251	0.132975578	0.026676619999999998	0.322816938	0.788506091	0.043411135999999996
662.059082	0.135290578	0.026863149	0.32620734	0.791333914	0.045905033
661.0418091	0.135052651	0.025109565	0.326736301	0.796119273	0.046756331
660.024292	0.135340601	0.028970512	0.327485114	0.800028622	0.047164923
659.0064087	0.133818284	0.027655756	0.327172071	0.802500129	0.047263185
657.9882202	0.134416059	0.029798856	0.329981715	0.805096865	0.047496287
656.9697876	0.133078709	0.024513621	0.327336073	0.804350853	0.04542237
655.9509888	0.139738828	0.027752488999999998	0.330125839	0.810225189	0.047480931999999997
654.9318848	0.143820763	0.027209563	0.331227809	0.816630483	0.04710924999999999
654.0581055	0.143586725	0.028141719	0.331818879	0.815832138	0.046609435
653.0384521	0.144577354	0.02887976	0.335254103	0.823083937	0.047205014
652.0184326	0.142324805	0.026828811	0.331671208	0.821939886	0.044797250999999996
650.9981689	0.14379023	0.030088496	0.335344344	0.829684019	0.050842121
649.9775391	0.144295171	0.030259796	0.336077184	0.831609488	0.047053341
648.956665	0.139177978	0.031360973	0.340268195	0.832724214	0.049643836999999996
647.9354248	0.143180832	0.026425023	0.337193459	0.836882949	0.048811071
647.0598755	0.145699263	0.026820240999999998	0.336430997	0.839504242	0.047662842999999996
646.0380859	0.143131599	0.024238665	0.335247904	0.839154482	0.045041296999999994
645.0160522	0.144770771	0.026507026	0.337059736	0.845207572	0.045486852999999994
643.9936523	0.150481254	0.027160613	0.342926979	0.849076688	0.045857098
642.9709473	0.145915017	0.025661983	0.340803027	0.849279881	0.048555272
641.947937	0.147247881	0.033587706	0.346583426	0.859553814	0.05341243999999999
641.0708618	0.150098234	0.024135821	0.344264478	0.857393503	0.048010594999999996
640.0473022	0.150857166	0.02511628	0.343810916	0.859387577	0.049163754999999996
639.0234375	0.153763443	0.02253454	0.342712045	0.864236653	0.049010807999999996
637.9993286	0.155524015	0.029179104	0.348063439	0.873060584	0.050779933
636.9748535	0.154244155	0.028683866	0.352178782	0.873773992	0.050913163
635.9500732	0.151528701	0.025455211	0.352332056	0.879138529	0.051436355999999996
635.0714722	0.156778202	0.029025566	0.352528989	0.877307952	0.051269576
634.0461426	0.15666464	0.024719728	0.352146298	0.887670338	0.05042416599999999
633.0205688	0.154633462	0.02564244	0.355266631	0.889154732	0.05148559999999999
631.9946289	0.15365465	0.027372737	0.356890589	0.892229021	0.052379617999999996
630.9684448	0.159138233	0.026650045	0.354301989	0.894671083	0.04947093699999999
629.9418945	0.15793331	0.027709877	0.358891279	0.897457004	0.05411651199999999
629.0618286	0.156827331	0.025341713999999998	0.357310385	0.898987889	0.054240766999999995
628.034729	0.161903411	0.02861403	0.363185704	0.906356752	0.053996991999999994
627.0073853	0.160105035	0.026766639	0.3610183	0.909396231	0.052939824999999996
625.9797363	0.156739682	0.02825521	0.363093674	0.913555265	0.054112748999999995
624.9517822	0.153876424	0.029794267	0.365344822	0.920987904	0.056084617999999996
624.0704346	0.165522397	0.028776935	0.365572542	0.922765315	0.053279726
623.0419312	0.161969796	0.027910558999999998	0.362766832	0.923213065	0.056155478999999994
622.0131836	0.161026001	0.029101944	0.365848273	0.926999629	0.058182727999999996
620.9840698	0.164752618	0.028004638999999998	0.368819445	0.930774748	0.059368615
619.9547119	0.170962289	0.026617281	0.367058367	0.935505629	0.056572816
619.0721436	0.165145606	0.027287154	0.369077802	0.940677404	0.057734493
618.0422363	0.16580306	0.027448496	0.370386511	0.942377329	0.060715269999999995
617.0120239	0.167080373	0.030336941	0.370405883	0.945916414	0.058886074999999996
615.9815063	0.168227702	0.027838876999999998	0.372343451	0.94918716	0.061562994999999995
614.9507446	0.168590918	0.028104953999999998	0.36785239	0.948781073	0.058906392999999994
614.0669556	0.173766464	0.028600106	0.373473853	0.953735173	0.061958851999999995
613.0356445	0.167629898	0.028597832	0.372472942	0.956180334	0.062055024
612.0040283	0.175805211	0.028939136	0.372160465	0.959907353	0.061640192999999996
610.9721069	0.174504265	0.031643236	0.375974149	0.967088938	0.060649792999999994
609.9399414	0.171981067	0.035127336	0.380510241	0.969818711	0.066445956
609.0549316	0.176225811	0.028021662	0.37530762	0.966357589	0.058632877
608.0222168	0.172174931	0.027409276	0.374801368	0.972451747	0.060226864
606.9891968	0.178125009	0.031866839	0.37878421	0.97479111	0.061101802999999996
605.9559326	0.176344559	0.022922363	0.376858711	0.976308823	0.061854084
605.0700073	0.17354548	0.028110374	0.3784374	0.980819643	0.062816736
604.0361328	0.175394669	0.026832905	0.380730629	0.983510077	0.061426508
603.0020142	0.178691238	0.029881005999999998	0.380244404	0.986307383	0.06309092999999999
601.9676514	0.179622531	0.027410068	0.37903145	0.991522849	0.064636784
600.9329834	0.179410845	0.029675072	0.380310923	0.992574453	0.06554149599999999
600.0458374	0.181194186	0.029406822	0.383233935	0.995348632	0.066170553
599.0106201	0.179612279	0.027318767	0.383347809	1.000943184	0.06521933499999999
597.9751587	0.185418904	0.02902381	0.383517653	1.002796769	0.063419909
596.9393921	0.181837067	0.028775016	0.384660721	1.003677368	0.067174862
596.0513306	0.184186339	0.031535562	0.388168871	1.009520054	0.070551327
595.0150146	0.183605567	0.030817211	0.387407005	1.013440847	0.07195962
593.9784546	0.183023974	0.028427406	0.384276182	1.01348877	0.06773059399999999
592.9415894	0.185274527	0.031268396000000004	0.386931419	1.017927051	0.069908557
592.0526123	0.190124437	0.027223606	0.384166807	1.020955563	0.066953748
591.0152588	0.184146226	0.029020408	0.387778342	1.022560239	0.068535798
589.9776001	0.190360233	0.03166515	0.390560806	1.026658177	0.07177492399999999
588.9396973	0.187706858	0.023694475	0.38639155	1.03035593	0.068975607
588.0498047	0.19025588	0.027502455	0.389843881	1.034270287	0.072484178
587.0113525	0.189828098	0.028984446	0.392800719	1.034815311	0.072888362
585.9725952	0.191325903	0.027119752	0.394087344	1.040951014	0.071767913
584.9335938	0.195888475	0.033120508	0.40143463	1.050886989	0.07564739899999999
584.0427856	0.192282945	0.033997102	0.398695588	1.053889036	0.073872499
583.0032959	0.195668414	0.028950543999999998	0.397434801	1.046854496	0.074549571
581.963501	0.199156761	0.027532444	0.39870432	1.055852532	0.076594078
581.0720215	0.197302595	0.032602337	0.399488449	1.055282354	0.077309295
580.0317383	0.196218923	0.029451413	0.400658131	1.060734987	0.075341982
578.9911499	0.191647172	0.028620195	0.398877382	1.063632011	0.07589325599999999
577.9503174	0.197269008	0.026551539	0.399686813	1.062588096	0.077066549
577.0579224	0.201229572	0.027450218999999998	0.400192797	1.065876722	0.07407672
576.0166016	0.199025914	0.025596604	0.39713034	1.071689725	0.075598536
574.9749756	0.195645675	0.031805324	0.404922456	1.07376349	0.081340364
573.9330444	0.198401541	0.028777128	0.401427209	1.07574892	0.077763415
573.0397949	0.205232009	0.029007077	0.405300409	1.080723405	0.08065520799999999
571.9973755	0.19847472	0.026429521	0.402444273	1.084065557	0.078208828
570.9547119	0.200958595	0.026796906	0.401809931	1.080196738	0.07750604999999999
570.060791	0.204067588	0.028802598	0.4048495	1.085708261	0.078333238
569.0176392	0.208224744	0.032028983000000004	0.404710978	1.090245843	0.08275495399999999
567.9741821	0.205639884	0.026637578999999998	0.403838247	1.091809511	0.08187327
566.930481	0.206418678	0.027316115999999998	0.405671775	1.099341631	0.081204659
566.0357056	0.205033541	0.030250168	0.40423891	1.095906496	0.084150536
564.9914551	0.209223419	0.031272117	0.407839686	1.100568891	0.087179341
563.9470215	0.2060045	0.028977946	0.405448973	1.106117129	0.084187958
563.0515747	0.209692568	0.029631664999999998	0.407136887	1.109883666	0.086603747
562.0065918	0.211971894	0.026501982	0.404773474	1.105111957	0.084226206
560.9613647	0.21161437	0.029637078	0.406455398	1.10948205	0.089737687
560.0652466	0.21442689	0.028256607	0.406331271	1.111601472	0.088519633
559.0195313	0.218067169	0.030174934	0.406013608	1.111792684	0.088486067
557.9735718	0.218046472	0.032006609	0.410242826	1.118559957	0.092927015
556.9273071	0.220279515	0.030309234	0.409541488	1.118900061	0.09179172899999999
556.0303345	0.217719257	0.032215806	0.410088778	1.122653961	0.09356466
554.9835815	0.221822202	0.030561634	0.410190821	1.127983928	0.091001868
553.9365845	0.223156825	0.029430188	0.410160035	1.125987053	0.092496291
553.0389404	0.222292647	0.026582636	0.406034291	1.127125621	0.089402337
551.9915161	0.218149632	0.029592138	0.41024679	1.130052924	0.094070213
550.9437256	0.22320953	0.032644104	0.4101668	1.131785393	0.092122609
550.0454712	0.221644849	0.030243427	0.408005238	1.134013534	0.090424581
548.9972534	0.22853218	0.030565214	0.410989702	1.135418415	0.09444918899999999
547.9487915	0.228321284	0.03113628	0.411647618	1.14049077	0.09300956199999999
547.0498657	0.225396752	0.027847329	0.40938887	1.139992237	0.093695825
546.0009155	0.228348598	0.02754841	0.408644855	1.141188145	0.094038604
544.9517212	0.230825886	0.029039968	0.410765976	1.144724488	0.096211646
544.0521851	0.236241475	0.022219511	0.407515764	1.142344832	0.094068071
543.0025024	0.229117692	0.027903909	0.411548197	1.151196361	0.097759297
541.9525757	0.228641152	0.029475605	0.412360579	1.153205872	0.092584625
541.0523682	0.225288495	0.031021785	0.413523287	1.156280756	0.098007074
540.0019531	0.22843568	0.030854784	0.415235102	1.158434868	0.099191718
538.9512939	0.22412011	0.030490367	0.414708108	1.16180861	0.098478001
538.0505371	0.229276136	0.029758103	0.41204226	1.159677982	0.097479498
536.9993286	0.237968177	0.028225499	0.41285634	1.163326025	0.10123968
535.947937	0.229095101	0.029986732	0.412421137	1.166905999	0.09573082999999999
535.0465698	0.230569318	0.030387435	0.412551701	1.16482079	0.102408044
533.9946899	0.235075533	0.028093703	0.412696391	1.166785121	0.09768344899999999
532.9425659	0.225410894	0.027427888	0.412624419	1.170783997	0.10052217899999999
532.0405273	0.23425588	0.031603912	0.414680153	1.173399448	0.102120066
530.9879761	0.238966316	0.029941755	0.415503174	1.174221277	0.100943325
529.9351196	0.237962708	0.027674873	0.412524521	1.173545599	0.101026528
529.0324707	0.243074	0.02936358	0.41703096	1.178262591	0.10309606299999999
527.979187	0.228381932	0.031915771	0.415596753	1.180412054	0.103761643
526.9256592	0.235936403	0.031400055	0.412389487	1.179707885	0.103465643
526.0223999	0.238270372	0.029631529	0.414880961	1.183814406	0.104873922
524.9683838	0.229988009	0.031322003	0.414108992	1.182579875	0.108013641
524.0647583	0.235833287	0.034016749	0.415176928	1.184742451	0.105308026
523.0102539	0.234795287	0.030809222	0.415546149	1.187081218	0.108883851
521.9555664	0.236977369	0.02947654	0.412494928	1.18222487	0.101938144
521.0513306	0.239588231	0.035698226	0.416590989	1.191030025	0.107027859
519.9961548	0.24827835	0.033333265	0.414686352	1.189986587	0.108409167
518.9407349	0.240886971	0.031934854	0.414237529	1.190526366	0.107315306
518.0358887	0.243792579	0.031322666	0.414999932	1.193254113	0.10963766999999999
516.9799805	0.243828833	0.032128213	0.417243987	1.195358634	0.11487706
516.0747681	0.245542064	0.030001248	0.415162593	1.199135065	0.11141847799999999
515.0184326	0.241374254	0.032866977	0.41534847	1.197958112	0.11122499799999999
513.961853	0.249301285	0.036004039	0.416799277	1.201695085	0.116624166
513.0560303	0.247537389	0.031758474	0.411270738	1.198745012	0.108397302
511.9990234	0.247039586	0.029458361	0.413416624	1.201231003	0.109908331
510.9417725	0.248935461	0.035087446	0.418396115	1.209336638	0.115603525
510.0353394	0.247830704	0.032142775	0.417393386	1.206386328	0.113971651
508.9776306	0.253468514	0.03020387	0.416895509	1.211253047	0.113734413
508.0708313	0.244719565	0.032664603	0.4170717	1.212855458	0.115073115
507.0126953	0.251297146	0.033873003	0.416270256	1.210986137	0.115426984
505.9542847	0.24975577	0.027265378	0.41531533	1.215177417	0.114928328
505.0469055	0.252172768	0.029951402999999998	0.418894559	1.214745879	0.11526250499999999
503.9880676	0.252567768	0.032231696000000004	0.419863164	1.21837008	0.118410871
502.9290161	0.255364507	0.033813449	0.419599831	1.222028732	0.119320821
502.0210571	0.256242365	0.033144048	0.418511361	1.21953547	0.121559419
500.9615173	0.254567891	0.032287911	0.416956067	1.21715486	0.123044852
500.0531921	0.253207147	0.035375538000000005	0.419778556	1.224584341	0.12366743799999999
498.9932251	0.256996125	0.031328898	0.418202519	1.223689675	0.119542714
497.9330444	0.257193029	0.033440665	0.418897152	1.221366048	0.120621003
497.0241394	0.250245839	0.032487208000000004	0.419205308	1.22504127	0.120680083
495.963501	0.261195749	0.034549363	0.41785109	1.223173022	0.120741818
495.0542297	0.264709532	0.029649796	0.416244805	1.225264549	0.12273124599999999
493.9931641	0.266296357	0.032720236	0.417036414	1.222887158	0.123303689
492.9318848	0.263163507	0.032230895	0.418080181	1.230645418	0.122359302
492.0220032	0.269031227	0.032660425	0.420870721	1.227657557	0.12434603999999999
490.9602966	0.253583998	0.032445483000000004	0.421023399	1.234221816	0.128442846
490.0500793	0.254497081	0.032328792	0.416624576	1.232034326	0.124833469
488.987915	0.262176842	0.035561329	0.421669453	1.234993935	0.130274669
487.9255371	0.262556911	0.035940426000000004	0.421027094	1.233522773	0.126723282
487.01474	0.253660888	0.030890901	0.418805808	1.234235406	0.125072301
485.9519348	0.265625536	0.035720347000000006	0.419453681	1.234845638	0.128968913
485.0407715	0.273971945	0.036675407	0.420503587	1.238387823	0.132720705
483.9775391	0.264328331	0.033379397	0.420232236	1.237486601	0.130459152
483.0660095	0.264407843	0.029829253	0.418067843	1.236539125	0.132243548
482.0023804	0.267810524	0.033902187	0.416279793	1.240214109	0.133673325
480.9384766	0.262736827	0.032467548	0.413902998	1.23572135	0.132985909
480.0263977	0.267985582	0.033965081	0.418294489	1.239343643	0.131379999
478.9620972	0.265247673	0.034604017	0.415630251	1.239791632	0.134100583
478.0496521	0.268124908	0.032128988000000004	0.418264002	1.238600254	0.13415426
476.9849243	0.271994799	0.035099434000000006	0.418204457	1.239902616	0.137419477
476.0721436	0.274877816	0.033384744	0.419253051	1.238417625	0.133691043
475.0069885	0.271116555	0.03654228	0.41884926	1.243527412	0.139607482
473.9416504	0.272741646	0.036542362	0.419369549	1.243846536	0.140043006
473.0282898	0.27530697	0.031834618	0.4182221	1.240663052	0.137897946
471.9625244	0.267617434	0.031000207999999998	0.414693445	1.242071152	0.138700769
471.0487976	0.273470521	0.027424089999999998	0.411669016	1.240980506	0.13569536799999998
469.9826355	0.273800463	0.031021951	0.415453613	1.241775155	0.139818162
469.068573	0.280637562	0.036063975000000005	0.41772604	1.243874669	0.14097940199999998
468.0019531	0.281163663	0.030287555	0.412019551	1.242233634	0.13921415799999998
466.9351501	0.280412942	0.03121518	0.413870156	1.240524173	0.13892993399999998
466.0205383	0.281153858	0.036785538	0.415341348	1.24549365	0.144915931
464.9533081	0.279994249	0.033169527000000004	0.413863689	1.240638494	0.138462588
464.0383606	0.282106251	0.033579611	0.415896118	1.244774342	0.142070808
462.9707336	0.287752539	0.032345819	0.413649857	1.247731805	0.144576311
462.0554504	0.284835875	0.037403552	0.414341033	1.254062057	0.14796770399999998
460.9873962	0.291440487	0.034095314	0.414480358	1.248111606	0.146388874
460.0717773	0.290117592	0.033912700000000004	0.416233331	1.249107838	0.146578558
459.0033264	0.285750598	0.032965958000000004	0.413392067	1.245545506	0.148762696
457.9346619	0.289623499	0.034677157	0.411518961	1.252691746	0.141763233
457.0184937	0.287647009	0.032846222	0.412412256	1.249225855	0.145860426
455.9494324	0.283744067	0.029318010999999998	0.408292085	1.239374161	0.141207293
455.0328979	0.287828118	0.032253418	0.412632555	1.245035887	0.14778760800000001
453.9634399	0.29085654	0.036122946	0.415298849	1.250435352	0.15163675
453.0466003	0.295652777	0.029351227	0.409777641	1.240216136	0.147849269
451.9767456	0.298467547	0.032601673000000005	0.408394337	1.241316199	0.14960289799999998
451.0595398	0.296687871	0.037543601	0.41782701	1.253450036	0.15311361899999998
449.9892883	0.296163321	0.038401203	0.416739464	1.256065965	0.16035211900000002
449.0717773	0.296652913	0.035377654	0.41378206	1.251060128	0.15798342999999998
448.0011292	0.298089892	0.034408996000000004	0.412699759	1.248815179	0.156519689
446.9302673	0.294917285	0.034251433	0.411699325	1.248368502	0.156995818
446.012207	0.297915101	0.030386141	0.407833785	1.246363163	0.154580064
444.9409485	0.29591006	0.029800011	0.405206651	1.246652365	0.150956199
444.022583	0.293614268	0.033982868	0.408134192	1.250828505	0.15470034700000002
442.9509583	0.300724715	0.03156895	0.409743577	1.250398159	0.158465788
442.0322266	0.298974872	0.036267272	0.413358301	1.25281179	0.16112717999999998
440.9602051	0.299320281	0.033863932	0.41028437	1.25009799	0.157315001
440.0411682	0.295359165	0.032576975	0.408460498	1.249138474	0.161272891
438.96875	0.297473162	0.031174157	0.406842172	1.249896288	0.161680356
438.0493774	0.301009327	0.033778891	0.407501102	1.249390125	0.160782121
436.9765625	0.301940054	0.032631325	0.408623874	1.245571733	0.161009759
436.0568848	0.301557183	0.035406215000000005	0.408598751	1.249714375	0.163052067
434.9837036	0.304890573	0.032290453000000004	0.405941427	1.245188355	0.161108949
434.0636597	0.30150491	0.027505873	0.403192639	1.245139241	0.157349937
432.9901123	0.303955913	0.027679932	0.399808049	1.243105173	0.16055492300000002
432.0697632	0.301706612	0.034622191000000004	0.405656785	1.24282217	0.163550794
430.9958191	0.299905837	0.028291768	0.403372079	1.240517378	0.162906431
430.0751343	0.309039444	0.028727232	0.406208485	1.245569468	0.16378074199999998
429.000824	0.306238115	0.029767995999999998	0.402963311	1.241209149	0.160530575
427.9263	0.311895281	0.031541577	0.408493578	1.244965911	0.16210234899999998
427.005127	0.309899062	0.031830669	0.406714916	1.246992588	0.16372595
425.9302368	0.304480851	0.032964353	0.405819416	1.246157169	0.16375484299999998
425.0087585	0.315944701	0.027108445999999998	0.399259597	1.241458297	0.159622729
423.9334717	0.304928213	0.032819793	0.402184188	1.241554022	0.16741041899999998
423.0116577	0.302026153	0.034857536	0.409427613	1.247415304	0.174673625
421.9360352	0.307469845	0.032706043000000004	0.40377447	1.245175123	0.168874994
421.013916	0.308132738	0.030634126	0.406122208	1.241944551	0.170900114
419.9378967	0.309944868	0.030503745	0.404669702	1.245351315	0.172894247
419.0154724	0.300080717	0.031697609	0.403734833	1.249331355	0.16929671899999998
417.9390869	0.301759034	0.03325467	0.404887706	1.242429376	0.17152769099999998
417.0163269	0.304478228	0.030529537	0.40137589	1.241615891	0.16949009199999998
415.9396057	0.306954831	0.028863251	0.402746409	1.241934657	0.17014728499999998
415.01651	0.315336794	0.032387423	0.405003935	1.246872663	0.173027329
413.9394226	0.312534869	0.033061167	0.404267609	1.245159388	0.175863184
413.0160522	0.306985974	0.033531627	0.400990933	1.242970347	0.17247369899999998
411.9385681	0.314034045	0.033955621	0.40402174	1.245229125	0.177410864
411.0148926	0.309925407	0.032975342000000005	0.404706776	1.249772072	0.176533312
409.9370728	0.308620542	0.035409084	0.404560685	1.247546673	0.17757404599999999
409.0130615	0.307391375	0.030495348	0.404714286	1.245990396	0.180413068
407.9348755	0.320829541	0.031270711	0.39693746	1.241375685	0.170324959
407.0105896	0.314731032	0.030694567	0.401967168	1.242236972	0.17449873
405.9320374	0.316236466	0.031990147000000003	0.396681607	1.243911982	0.17344802599999998
405.0074463	0.317205966	0.027404193	0.395272225	1.234469891	0.170721002
403.9285278	0.323231429	0.028442281	0.397067636	1.235594392	0.176410102
403.0036316	0.316057205	0.028423159	0.401511788	1.2433393	0.181018979
401.9243774	0.316246837	0.032649886	0.398615986	1.240448236	0.17797902999999998
400.999176	0.317780048	0.030999823	0.395019919	1.236025214	0.177984752
400.073822	0.319521517	0.033585986	0.401346177	1.238606691	0.178376645
398.9940491	0.316102266	0.029957425	0.398697019	1.240571618	0.177579113
398.0683899	0.31906569	0.030932091	0.396567524	1.238573074	0.18084134200000002
396.9882813	0.325843096	0.03117344	0.395896524	1.241256356	0.178425014
396.0623474	0.311904758	0.029085371999999998	0.397392005	1.23950851	0.17748003499999998
394.9818726	0.322909445	0.031754582	0.397190869	1.242991447	0.180744574
394.0556335	0.313549191	0.029768654999999998	0.396902144	1.237100244	0.180524037
392.974823	0.319523066	0.032012685	0.39895007	1.241550446	0.18572745499999999
392.0482788	0.324576318	0.0296565	0.400130183	1.240132451	0.182133578
390.9671326	0.313774496	0.033521371	0.401971787	1.238518119	0.186998636
390.0403137	0.322559834	0.034819057	0.397522509	1.236437201	0.187682405
388.9588318	0.325135768	0.032846663	0.397613704	1.235793352	0.186192304
388.0316772	0.324200422	0.029859925	0.398727983	1.23655057	0.188652635
386.9498596	0.322647274	0.026664807	0.393487781	1.234060645	0.183587417
386.0224304	0.331318349	0.024207192	0.391638786	1.231331468	0.180141188
384.9402771	0.323115706	0.030036496	0.396710247	1.236315966	0.186262653
384.0125732	0.328432173	0.032954997	0.396758616	1.238685966	0.188238085
382.9300537	0.321335733	0.031847207	0.39764753	1.240220785	0.18966925899999998
382.0020752	0.322023511	0.034332652	0.395722091	1.233669519	0.18863961099999998
381.0739441	0.32098493	0.032165542	0.398069382	1.239965916	0.190591552
379.9909363	0.32813552	0.03041545	0.394828528	1.238085032	0.189501643
379.0625305	0.331817269	0.030213306	0.391469747	1.238656759	0.187816561
377.9792175	0.332992017	0.03210857	0.395517826	1.236981511	0.186527953
377.0505066	0.323313385	0.030482879	0.396021426	1.238543153	0.19295569499999998
375.9668579	0.322620809	0.029173287	0.391046345	1.233807564	0.191476077
375.0378723	0.326194197	0.023981316	0.390360326	1.229548693	0.190854997
373.9538879	0.334363401	0.029635044	0.391037792	1.236498356	0.192067303
373.0246277	0.32996282	0.030399159	0.389188737	1.234481215	0.192522556
371.9403381	0.329827786	0.031625409	0.396247864	1.237524748	0.198306352
371.0107727	0.325962156	0.029112151	0.395240068	1.236393332	0.195015312
369.9261475	0.330717474	0.030451557	0.393368602	1.238052249	0.195604801
368.9963379	0.326899439	0.028327426	0.39373371	1.237862229	0.193671853
368.0663757	0.328827798	0.030966452	0.392162442	1.238149881	0.193778545
366.9812927	0.325467944	0.031492412000000004	0.397526801	1.236952305	0.19733326899999998
366.0510559	0.3313528	0.030316552	0.393975288	1.236951351	0.1966182
364.9656372	0.328761667	0.030443741	0.389517367	1.232206583	0.192193367
364.0351257	0.332230896	0.028052015	0.395054996	1.241619229	0.202492722
362.9494019	0.34053424	0.029512075999999998	0.390667766	1.233890653	0.198666923
362.0186157	0.337607414	0.031560229	0.397366136	1.237075925	0.20216613299999997
360.9325562	0.332937837	0.032467326000000005	0.393814176	1.233767629	0.204271712
360.0015259	0.336245	0.031979015	0.396335512	1.242252588	0.205996998
359.070343	0.34024173	0.031217028	0.396683842	1.24222815	0.202239491
357.9838257	0.33438167	0.033002971	0.39620626	1.238749504	0.203967579
357.0523987	0.331904143	0.02807468	0.395688087	1.238813877	0.207368903
355.9655457	0.340447187	0.030756587	0.397629798	1.247612953	0.21240464599999997
355.033844	0.339244336	0.034580093	0.398782641	1.244611382	0.21050768399999997
353.9467163	0.331672937	0.029959981	0.394581378	1.240311742	0.20549752599999999
353.01474	0.333795518	0.030480787	0.396092802	1.2482934	0.211330273
351.9272766	0.345520198	0.034798319	0.400044173	1.245154023	0.21127338
350.9950562	0.344117194	0.03378696	0.397341907	1.248010039	0.21231033700000002
350.0626831	0.349684715	0.03247316	0.39736262	1.245496392	0.210967101
348.9747925	0.341206133	0.031583408	0.39667654	1.24556613	0.212406822
348.0421753	0.344616503	0.032040971	0.397668749	1.244573712	0.20890652399999998
346.9539795	0.34406209	0.032235373000000005	0.395438552	1.246837854	0.21054709700000002
346.0210876	0.338970989	0.032224374	0.396915406	1.242343903	0.214167826
344.9325867	0.340651482	0.030162558	0.393963665	1.247043729	0.21312461100000002
343.9994507	0.33873561	0.035254663000000006	0.3993496	1.249893308	0.21981328
343.0661926	0.342365086	0.041049833	0.402604431	1.254056096	0.222687684
341.9772339	0.348898441	0.035382664	0.400466681	1.251234531	0.216681831
341.0437012	0.345974088	0.039817924000000005	0.4010939	1.252603769	0.21617675599999997
339.9544678	0.347795874	0.032955025	0.396715075	1.249934077	0.217354216
339.0206909	0.3504785	0.035109895	0.399608523	1.25234139	0.21995349999999997
337.9311523	0.350622624	0.03763126	0.402458251	1.256114125	0.2234293
336.9971313	0.349908084	0.039177118000000004	0.4003402	1.256953955	0.223639064
336.0629883	0.352648467	0.033494486000000004	0.397223681	1.252564192	0.219642885
334.9730225	0.356242657	0.033661869000000004	0.395687491	1.252573967	0.22203332999999997
334.0386047	0.353646964	0.039468924	0.401014566	1.247809529	0.22376633499999998
332.9483337	0.350761116	0.037379025	0.399840862	1.252678394	0.22384124300000002
332.0137024	0.348314196	0.036019175	0.400174528	1.255372286	0.226356365
330.9231567	0.356327087	0.035989708	0.399852872	1.255410552	0.223892726
329.9882507	0.355722725	0.032319669	0.399297088	1.253824353	0.22445283100000002
329.0532532	0.357069463	0.038107706000000005	0.401125014	1.257387877	0.23015076699999998
327.9622803	0.351577282	0.038534006	0.405315578	1.254892588	0.23145587
327.0270081	0.358694792	0.038321520000000005	0.401571691	1.258057117	0.229276441
325.9357605	0.356627166	0.034508663	0.397665143	1.257757187	0.22771324999999998
325.0002441	0.359123856	0.037698781	0.398494452	1.256029606	0.22955398999999999
324.0646362	0.355758101	0.040269947	0.400811464	1.25965476	0.23294604600000002
322.9729614	0.36205858	0.03441508	0.40179041	1.268321037	0.23447033
322.0371094	0.366612643	0.036376516000000005	0.400857627	1.25754869	0.23348919299999998
320.9451294	0.365192056	0.038577078	0.400731683	1.263207316	0.23377693500000002
320.0090637	0.373823881	0.035851831	0.39876011	1.262616515	0.232491903
319.0728455	0.366168469	0.038433356	0.403208584	1.265125155	0.23772353699999998
317.9804688	0.366247714	0.037034018	0.399187386	1.259806037	0.233782806
317.0440369	0.373688251	0.035063466	0.39878875	1.259183764	0.23365425299999998
315.9513855	0.381820798	0.037664866000000005	0.398021638	1.262304068	0.23552993700000002
315.0147095	0.376485348	0.041295266000000004	0.403696299	1.263467908	0.23909469700000002
314.0779114	0.377979517	0.036544426000000005	0.400332838	1.264637351	0.23790279799999997
312.9848633	0.383237988	0.042017183	0.40295583	1.267549753	0.24250725699999998
312.047821	0.380872846	0.035806602	0.401755035	1.261420846	0.24071873
310.9544983	0.376805097	0.035252938000000004	0.401179731	1.265873194	0.24123475700000002
310.0172424	0.376302987	0.041788263000000006	0.405297816	1.269486547	0.24506994399999998
308.923645	0.380998492	0.037889099	0.403630883	1.2676301	0.24230680599999999
307.986145	0.381117761	0.035690094000000006	0.401429772	1.267136455	0.243997209
307.0485535	0.386399359	0.039947028	0.404086143	1.270040154	0.24554169999999997
305.9545593	0.381965727	0.037879383	0.402920544	1.2675879	0.24555821
305.0167236	0.385290533	0.041008884	0.403100431	1.271914005	0.24585542900000001
303.9224854	0.384867907	0.039594943	0.406048834	1.269818783	0.244774051
302.9844055	0.392976552	0.039690970000000006	0.403873861	1.271383643	0.246574201
302.0462646	0.395452797	0.037050644	0.403878212	1.272590518	0.24858088099999998
300.9515991	0.393973857	0.042139983000000006	0.407230347	1.27116847	0.250506588
300.0132141	0.389031738	0.039337969	0.407175213	1.276117682	0.25136704
299.0747375	0.39363128	0.042423232000000005	0.406626523	1.278318405	0.253208958
297.9797058	0.397739083	0.039791489000000006	0.406719208	1.279258966	0.255709254
297.0409851	0.389791817	0.043465903	0.410749197	1.282727838	0.258812271
295.9457092	0.396132708	0.042819130000000004	0.406943202	1.282180309	0.254150205
295.0067749	0.396761715	0.034117047000000005	0.403496176	1.279669523	0.251272492
294.0677185	0.394075483	0.035394831	0.404580623	1.280121565	0.256759994
292.9720459	0.399415046	0.039440206000000005	0.408853203	1.284415483	0.261161514
292.0328064	0.394557595	0.037225718000000005	0.40966633	1.285017133	0.264113389
290.9368896	0.400019705	0.041897694000000006	0.413711786	1.287755847	0.264038496
289.997406	0.398669183	0.041384978	0.413276315	1.285993457	0.264230483
289.0578308	0.405464381	0.038365295	0.4146263	1.292282224	0.264697381
287.9615173	0.414026171	0.042917403	0.413132459	1.295315623	0.265728183
287.0217285	0.408719003	0.042328013000000005	0.41263634	1.295282245	0.270595737
285.9252014	0.408108264	0.037133700000000006	0.413123071	1.295917034	0.271783643
284.9851685	0.40873757	0.043733845	0.419654906	1.302568316	0.273456581
284.0450745	0.416293532	0.040200586	0.414317459	1.301288486	0.27285894
282.9481506	0.419988215	0.041897295	0.419991136	1.302846551	0.275874324
282.007843	0.421615273	0.040060381000000006	0.415814519	1.304408193	0.276272379
281.0674438	0.417427421	0.04212234	0.416512907	1.300926805	0.276218973
279.9701538	0.413896292	0.044569535	0.419011056	1.305577636	0.279772692
279.029541	0.417821914	0.043899486	0.421394795	1.306864142	0.279673048
277.9320068	0.425165415	0.046692981	0.422882348	1.318812251	0.284225472
276.9911804	0.42751497	0.041893905	0.423213154	1.315754294	0.285046898
276.0502625	0.427422792	0.043958878	0.424786776	1.317217231	0.289586373
274.9523621	0.428037912	0.041658586000000004	0.422312945	1.313086033	0.287553989
274.0112305	0.433173984	0.045851914	0.429069817	1.320098519	0.29183750599999997
273.0700073	0.435881645	0.043470921	0.427109927	1.329312682	0.29452888
271.9717712	0.44004631	0.043724424000000005	0.426476747	1.322812676	0.290890254
271.030365	0.4343521	0.044134004000000004	0.431338519	1.328111172	0.298020117
269.9318848	0.445153266	0.044336425000000006	0.429584831	1.325616837	0.296413519
268.9902649	0.446639806	0.04195376	0.430842847	1.326549649	0.300296925
268.0485229	0.447094828	0.044429587	0.432559401	1.331762433	0.301418998
266.949707	0.438768864	0.043331867	0.42885232	1.330614328	0.300500177
266.007782	0.452441484	0.042008957	0.430803955	1.336987376	0.305175148
265.0657654	0.450990379	0.048125303	0.433096916	1.340114355	0.308144309
263.9666138	0.455490977	0.046067806	0.435778976	1.337255359	0.313181944
263.0243835	0.459474295	0.045402477000000004	0.43708691	1.351171374	0.31209042
261.9250183	0.450668573	0.044085039000000006	0.434696585	1.348325133	0.309353866
260.982605	0.464459926	0.048698878	0.439771026	1.352071643	0.31604941999999997
260.0401001	0.452407956	0.045022575	0.439964235	1.350189686	0.319157101
258.9403992	0.45320043	0.042022212	0.439321965	1.346981883	0.320172735
257.9976807	0.461572886	0.042360714	0.43561697	1.347818971	0.320139446
257.0549011	0.459741622	0.043126712000000005	0.438345641	1.350027204	0.32466132200000003
255.9548492	0.462581724	0.048835328000000004	0.44475466	1.359840989	0.33018431800000003
255.0118713	0.472026289	0.041428505000000004	0.437904865	1.353163719	0.323314362
254.0688019	0.469375849	0.041990387000000004	0.439770758	1.357100844	0.327054031
252.9684296	0.477566242	0.043609286000000004	0.441652924	1.362130523	0.33051905800000003
252.0251617	0.471200764	0.042965586	0.444629073	1.357350469	0.335483022
250.9245911	0.485894889	0.042939866	0.439166248	1.354162097	0.332501091
249.9812469	0.486535251	0.04409731	0.444513619	1.366100311	0.337647505
249.043335	0.490149081	0.042806076000000005	0.445587754	1.36572957	0.340090074
247.9490051	0.495534092	0.047867676000000005	0.45165351	1.370969176	0.346734382
247.0108948	0.487105221	0.043700105	0.445968092	1.366740942	0.348065265
246.0727234	0.481215924	0.044762688	0.446091354	1.370926738	0.346522369
244.9780731	0.494964957	0.043962652000000005	0.445025981	1.371914744	0.34875164200000003
244.0397034	0.498501658	0.041978119	0.444440842	1.368893981	0.35115061000000003
242.9448395	0.501857698	0.044398466000000004	0.447393537	1.368590593	0.356141247
242.0063019	0.497588962	0.049146252	0.45208773	1.377122641	0.360186227
241.0676727	0.503930986	0.045368752000000005	0.446735382	1.370987535	0.363670685
239.9725037	0.507648468	0.048641132000000004	0.449217796	1.375763774	0.362283923
239.0336914	0.506565094	0.046287800000000004	0.450677753	1.374329329	0.364249863
237.9383087	0.508105695	0.042852348000000005	0.450330108	1.373503208	0.366632112
236.9993286	0.512228608	0.049131485	0.452352017	1.380055904	0.373954691
236.060257	0.51864183	0.05019922	0.454949111	1.382807732	0.374566652
234.9645844	0.519038439	0.045238057000000005	0.451975972	1.379360557	0.376173713
234.0253448	0.52632308	0.045679627	0.457594395	1.384972811	0.380964108
232.9294586	0.53074652	0.051515254	0.457294107	1.392857194	0.383976437
231.990036	0.532001078	0.046814310000000005	0.456481397	1.389594197	0.383983203
231.0505524	0.535779834	0.049900810000000004	0.458642006	1.388821483	0.38865853100000003
229.9543762	0.543664336	0.049455216	0.462999463	1.391200781	0.391056665
229.0147095	0.545213282	0.044268886	0.459556758	1.388377786	0.392986901
228.0749664	0.543362618	0.052110458000000005	0.461614341	1.392318964	0.401104845
226.9784851	0.552168369	0.053850657	0.463458657	1.392372131	0.40275890400000003
226.0385742	0.55671972	0.048301803000000004	0.462784857	1.395804286	0.408072241
224.9419098	0.557368636	0.049998047000000004	0.460667968	1.400867105	0.409327068
224.0018311	0.571056843	0.046958661000000006	0.461638778	1.401666999	0.418975123
223.061676	0.578082979	0.050438492	0.462171555	1.398975015	0.419019498
221.9647217	0.575130463	0.056131231000000004	0.472124159	1.409409046	0.43416524700000003
221.0243988	0.578140736	0.051867685000000004	0.469468653	1.405475974	0.436102428
219.9272614	0.590315044	0.057582682	0.474267095	1.412377238	0.447598733
218.9867706	0.595324695	0.052605296	0.466890156	1.411004186	0.452162363
218.0462036	0.601273537	0.056729933	0.474198163	1.421604753	0.461916156
216.9487762	0.61348182	0.059508549	0.480010659	1.428544044	0.472405501
216.0080566	0.620946944	0.056549737	0.480458558	1.420296907	0.476323404
215.0672607	0.627346396	0.052608511000000004	0.480898559	1.422409892	0.476558842
213.9695587	0.633396864	0.054300202000000006	0.479661316	1.421799898	0.486572363
213.0286102	0.645673931	0.055756947	0.484378725	1.42171216	0.494256445
211.9307251	0.660093069	0.057546592	0.493345797	1.427829623	0.503873028
210.9896088	0.664335609	0.055037851000000006	0.4913418	1.427114367	0.508287438
210.0484161	0.673472405	0.0614897	0.491855383	1.427205563	0.5186523279999999
208.9502716	0.661623538	0.052932089	0.49129492	1.430027485	0.525494106
208.0089264	0.682688892	0.056321884	0.496731699	1.429671168	0.533978857
207.0675049	0.69764328	0.059499016	0.495071203	1.430217862	0.540178366
205.969101	0.699647427	0.058026256000000005	0.503913879	1.440676808	0.551992931
205.0275269	0.706709087	0.05824638	0.49714455	1.437734723	0.556820311
203.9289398	0.721616328	0.068584206	0.509835959	1.444637656	0.577457436
202.9872131	0.728681445	0.060657455000000006	0.508558333	1.439440608	0.572641678
202.0454254	0.727610707	0.064600067	0.509534657	1.435374498	0.586295016
200.946579	0.761034429	0.066111727	0.50636971	1.42877984	0.599253603
200.0046387	0.761031032	0.062154336000000004	0.510906935	1.430839896	0.612364956