Wavelength (nm)	Raw	1kp	2kp	4kp	4ks
900.0557251	0.012205495	-0.002179814	0.055319496	0.18384397	-0.069370866
898.9962158	0.015567185	0.00066775	0.056642178	0.18372643	-0.068318836
897.9360962	0.017876621	0.001134094	0.058065914	0.188000724	-0.067397133
897.0081177	0.020831781	-0.000565602	0.056938559	0.186090991	-0.068209693
895.9469604	0.011666352	-0.00117756	0.060399674	0.187355831	-0.067290999
895.0180054	0.013667122	-0.001211326	0.056442767	0.186661378	-0.070597067
893.9558716	0.018974788	-0.002968581	0.055974398	0.18698819	-0.071614757
893.026001	0.013611187	-0.002283033	0.05704933	0.187699467	-0.06961558
891.9628296	0.013926427	-0.001944337	0.057856888	0.188640878	-0.069647513
891.0321045	0.01764657	-0.003188497	0.058462113	0.189949945	-0.071113899
889.9678345	0.019630374	-0.001515307	0.060706787	0.193854585	-0.07176812
889.0361938	0.013085851	-0.000137122	0.063137583	0.196659848	-0.072600894
887.9709473	0.016752517	-0.001051612	0.06216412	0.196342975	-0.069495469
887.0383911	0.019909419	-0.002918085	0.064105883	0.199592948	-0.070663333
885.9721069	0.019373326	-0.001933049	0.066190079	0.20029141	-0.071956523
885.0386963	0.019175215	-0.000307727	0.068779275	0.204365075	-0.067662768
883.9713745	0.021654438	0.000705681	0.070634939	0.207108289	-0.066132337
883.0370483	0.0203405	-0.00037146	0.068971872	0.2059187	-0.065665573
881.96875	0.019917928	0.000580648	0.071403064	0.207476601	-0.067189619
881.0335083	0.014830826	-0.000394789	0.068613924	0.205899775	-0.068649247
879.9641724	0.023687759	-0.001205234	0.068227172	0.208150744	-0.068973087
879.0280762	0.016640665	-0.001450193	0.068140216	0.209858611	-0.069800735
877.9577026	0.015571452	0.001477831	0.069852114	0.211178541	-0.068234742
877.0206909	0.017523274	-0.002503966	0.068368524	0.20709832	-0.072579205
875.9493408	0.017030148	-0.001783397	0.068152696	0.210623071	-0.071640395
875.0114136	0.020157592	-0.003099629	0.070631526	0.213520512	-0.071093857
873.9390259	0.015948242	-0.00158495	0.071848646	0.213470161	-0.071381487
873.0002441	0.028795183	0.001027827	0.075823605	0.219170347	-0.06791956
872.0610962	0.028035047	-0.000940195	0.075971	0.21846588	-0.070781849
870.9872437	0.023911407	0.001660182	0.07928542	0.226038113	-0.065818697
870.0471191	0.02107078	-0.003724711	0.074976251	0.222916022	-0.071742184
868.97229	0.01860166	-0.002127938	0.077210024	0.221540496	-0.07031922
868.031311	0.0166362	-0.003827872	0.076339476	0.223941997	-0.073107556
866.9554443	0.018127441	-0.001650249	0.075591624	0.225025922	-0.071905419
866.0136108	0.023702275	-0.002051837	0.077451505	0.225720972	-0.070515871
864.9367676	0.025578566	-0.001780458	0.075229637	0.229522899	-0.070187323
863.9940796	0.028857782	-0.000673496	0.082655899	0.230991975	-0.069464102
863.0509644	0.025555173	0.002577619	0.080678158	0.233756065	-0.069187298
861.9725952	0.021897649	0.004780823	0.085816711	0.240399659	-0.067152277
861.0286255	0.024546912	-0.003240915	0.080450952	0.234605625	-0.070296101
859.9492798	0.024385827	-0.000207556	0.084852457	0.235949099	-0.072815776
859.0044556	0.023298983	0.00169347	0.084439553	0.240452513	-0.068260446
858.0592041	0.024452969	-0.000446562	0.082810171	0.240900233	-0.071098782
856.9783936	0.023981925	0.005446298	0.087182641	0.243545324	-0.066114858
856.0322876	0.030598234	0.004917386	0.088479191	0.246156991	-0.068093441
854.9505005	0.022128085	-0.000635139	0.085347816	0.241430938	-0.073629983
854.00354	0.027625531	0.00117801	0.085900903	0.246401399	-0.07002309
853.0561523	0.036895867	0.002864988	0.089330532	0.249264792	-0.068710767
851.9729004	0.030017836	0.001841518	0.088981248	0.249530852	-0.068791687
851.0246582	0.029667169	-0.000195757	0.088954084	0.251077384	-0.073488809
849.9404297	0.032085072	-0.001515513	0.093200929	0.2525599	-0.068133891
848.991333	0.029114142	0.003041067	0.095120966	0.260861397	-0.064147994
848.0418091	0.033162531	0.0013008	0.096036457	0.258414	-0.068858579
846.9561768	0.025085319	0.000648669	0.09943673	0.263478637	-0.065803342
846.0057983	0.031001722	0.004106097	0.099390581	0.261578888	-0.070293769
845.0550537	0.025879318	-0.003261675	0.097079203	0.261788487	-0.07163047
843.9679565	0.028479526	0.003041067	0.102236934	0.267556936	-0.066804439
843.0162964	0.033712514	0.004120731	0.103171244	0.269002318	-0.065507859
842.06427	0.032703046	-0.000989528	0.103515409	0.269851983	-0.068800479
840.975769	0.036390617	0.003042188	0.101594068	0.270968258	-0.069234222
840.0228882	0.03348228	0.000801729	0.100642577	0.27241382	-0.071117632
838.9334106	0.035350762	-0.001323447	0.101540983	0.272563279	-0.070620433
837.9797363	0.037963189	0.001158154	0.106865913	0.274600118	-0.069239296
837.0255737	0.033273548	0.003027381	0.107187405	0.276836485	-0.069074795
835.9346924	0.041281238	0.006514044	0.11583823	0.28669554	-0.063212506
834.9797363	0.034017496	0.007417103	0.116708413	0.289232522	-0.062144224
834.024353	0.033720121	0.00541369	0.114864767	0.285662741	-0.065826699
832.9320679	0.038613837	0.004301111	0.112118378	0.289528906	-0.069013409
831.9758911	0.031530965	0.002316672	0.112983346	0.289640278	-0.067856103
831.0192871	0.039138932	0.002216307	0.114233449	0.293774843	-0.06677714
830.0623169	0.039297875	0.006015537	0.119897872	0.296794593	-0.063786522
828.9681396	0.041019134	0.008951508	0.124498591	0.303735286	-0.058950733
828.0103149	0.032893077	0.009094519	0.124096982	0.303547919	-0.060784798
827.052063	0.037231524	0.003231717	0.118887223	0.300277978	-0.064171843
825.9564819	0.04200197	0.003894898	0.123464257	0.304347515	-0.063699305
824.9974365	0.045764346	0.010218984	0.12998338	0.312014073	-0.05854401
824.0380249	0.041574948	0.006259125	0.128554761	0.311202616	-0.060468264
822.94104	0.036213852	0.003410058	0.12758112	0.310795724	-0.061326787
821.9807739	0.03706352	0.001054268	0.124237411	0.309125572	-0.065498859
821.0201416	0.034982692	0.004807311	0.121403784	0.310457051	-0.065932803
820.059082	0.038508259	0.005440478	0.123852611	0.312982559	-0.065243177
818.9602661	0.038378332	0.006386067	0.125494778	0.315287471	-0.062912963
817.9984131	0.038985878	0.006205423	0.124173224	0.316669434	-0.066988267
817.0361328	0.04088043	0.004983524	0.125243947	0.313883066	-0.068449624
815.9359131	0.035274081	0.002478548	0.125503108	0.319207043	-0.068912081
814.9728394	0.041664205	0.00345577	0.128357574	0.321341425	-0.067448467
814.0093994	0.049655162	0.004875683	0.130906716	0.327011019	-0.06295009
813.0455322	0.048573628	0.005168847	0.130483896	0.326461434	-0.064069785
811.9434814	0.044958245	-0.002498972	0.129043743	0.323969275	-0.069667839
810.9788208	0.043043457	0.004617328	0.133610919	0.330192417	-0.064522333
810.0137939	0.044824596	0.005584775	0.134520978	0.334873349	-0.066694513
809.0483398	0.044066962	0.008811927	0.140421838	0.336343586	-0.064204
807.944519	0.048931908	0.00570289	0.137193874	0.339872062	-0.066686876
806.9782715	0.053066824	0.005025448	0.136380926	0.337569326	-0.065634459
806.0115967	0.049777679	0.00614582	0.139176056	0.344222218	-0.064847566
805.0446167	0.050379153	0.005292247	0.141647309	0.344185591	-0.062691733
803.9389648	0.04346469	0.006043255	0.142180309	0.346251041	-0.061779059
802.9711304	0.047221661	0.00435816	0.140025139	0.350835472	-0.065784611
802.0029297	0.047790937	0.00790391	0.144402221	0.353030384	-0.064578064
801.0343628	0.047875036	0.008316029	0.144088864	0.355632186	-0.062120128
800.0653687	0.048192389	0.005688255	0.145845801	0.357832015	-0.066700332
798.9575195	0.048069451	0.004715737	0.143757328	0.358350426	-0.068881378
797.9877319	0.046935961	0.004713225	0.149286374	0.358011127	-0.066452853
797.0175781	0.045021959	0.00163321	0.148549378	0.36209181	-0.069963776
796.0470581	0.04737138	0.005390495	0.152359769	0.368278384	-0.064266019
794.937439	0.053399939	0.004061753	0.150656626	0.368488193	-0.065601386
793.9661255	0.055043906	0.008038743	0.15179947	0.373604089	-0.068400495
792.9943848	0.050290704	0.006981267	0.154354826	0.374937475	-0.065314539
792.0223389	0.058934182	0.011644495	0.15803732	0.382226378	-0.062471155
791.0498657	0.058168836	0.008366535	0.155010223	0.376350224	-0.067782857
789.9380493	0.054786932	0.008251228	0.156923398	0.380811662	-0.064624861
788.9647827	0.055057451	0.007406808	0.157767877	0.382523119	-0.064139239
787.9911499	0.053386122	0.008016593	0.15893507	0.386814088	-0.059001263
787.0171509	0.057272412	0.008677647	0.163238049	0.389632165	-0.061215825
786.0427856	0.061723232	0.007915404	0.161576018	0.390690178	-0.063996337
785.0680542	0.054123171	0.009755177	0.163439438	0.393922627	-0.059492622
783.9536133	0.057937309	0.010388102	0.164548695	0.396345943	-0.059433296
782.9780884	0.060245007	0.010243897	0.166353434	0.399476856	-0.05772629
782.0021973	0.061879229	0.009728307	0.166978419	0.403460771	-0.056598466
781.0258789	0.054708354	0.009811252	0.168876097	0.401151568	-0.058131289
780.0492554	0.055813592	0.011170425	0.167548448	0.404771775	-0.060423758
778.9326782	0.059501309	0.013501262	0.170004249	0.41024363	-0.059435464
777.9552002	0.064743534	0.011778845	0.170986846	0.414427578	-0.06148392
776.977417	0.056364007	0.013800764	0.172575116	0.417590529	-0.059391081
775.9992676	0.056547873	0.011650158	0.173726484	0.417877615	-0.060082886
775.020752	0.060379863	0.009566274	0.173736692	0.419357479	-0.061096922
774.0418701	0.062895462	0.014380746	0.178391218	0.42442289	-0.058433149
773.062561	0.060279001	0.011807944	0.175851464	0.423621297	-0.061146889
771.9429932	0.060578886	0.011636332	0.17794317	0.42844075	-0.060339466
770.9629517	0.064489193	0.007287438	0.182498738	0.429557592	-0.059321716
769.9825439	0.063445829	0.010637471	0.180787519	0.431824356	-0.059836574
769.00177	0.06132539	0.00767157	0.184951901	0.438003391	-0.058025714
768.0206299	0.069799647	0.011036448	0.187909618	0.44307816	-0.059587639
767.0391846	0.065380342	0.012931893	0.190197319	0.44750911	-0.057611819
766.057312	0.068596616	0.008870893	0.1918706	0.449633688	-0.060070399
764.9347534	0.065861449	0.003789703	0.190194994	0.452462643	-0.05986039
763.9521484	0.0651884	0.011893549	0.193593234	0.456323862	-0.057198577
762.9691162	0.064971805	0.009129677	0.194054455	0.459962934	-0.05948526
761.9857788	0.06939166	0.00714926	0.195703805	0.461741328	-0.059028924
761.0020752	0.068033576	0.010264094	0.195149973	0.466618627	-0.056888316
760.0180054	0.070207037	0.01031663	0.19623071	0.466976762	-0.057795864
759.0335693	0.067349546	0.008095996	0.195772782	0.467345804	-0.057746459
758.0488281	0.068421155	0.008015011	0.196785182	0.473362595	-0.055154245
757.0636597	0.072624639	0.014590307	0.199008033	0.474642396	-0.059723381
755.9373779	0.071903102	0.011622081	0.202680871	0.480008304	-0.055524521
754.9514771	0.0797313	0.011535997	0.204603642	0.484264165	-0.052556742
753.96521	0.074357904	0.015554066	0.20819138	0.484028369	-0.052133147
752.9785767	0.073367581	0.009356503	0.205136269	0.48363933	-0.056811966
751.9915771	0.069829434	0.011002542	0.206486106	0.492044956	-0.054148436
751.0042725	0.07360886	0.011298252	0.209445253	0.491357297	-0.052486785
750.0166016	0.076544277	0.01721387	0.212845549	0.497978479	-0.051523741
749.0285645	0.074992061	0.014908215	0.211663127	0.497615844	-0.052220471
748.0401611	0.0778815	0.012641092	0.210840821	0.498893917	-0.05136798
747.0514526	0.076090962	0.010232342	0.210665613	0.500241458	-0.053594664
746.0623169	0.077571414	0.010818032	0.211246833	0.499746651	-0.055393841
744.9315186	0.079939052	0.016064912	0.218150362	0.510904193	-0.047068801
743.9416504	0.076433979	0.01381009	0.218230069	0.51552856	-0.048699163
742.9514771	0.077378713	0.011866413	0.21856837	0.513872266	-0.050829712
741.9609375	0.081149772	0.013899458	0.220621839	0.518750548	-0.049375113
740.9700317	0.081655577	0.012692957	0.221303657	0.521118701	-0.048221614
739.9787598	0.082141452	0.01451533	0.225462347	0.526335776	-0.046791475
738.9871826	0.079657495	0.015749941	0.227271646	0.527788878	-0.045460463
737.9952393	0.086493827	0.017366283	0.22622098	0.531583428	-0.047114
737.0029297	0.084888585	0.017428549	0.228922248	0.535400391	-0.04493583
736.0103149	0.082587078	0.014979697	0.226974383	0.53699851	-0.047380723
735.017334	0.082296483	0.018991256	0.231602654	0.540401459	-0.044615183
734.0239868	0.087607339	0.014574674	0.231290504	0.541388333	-0.046759401
733.0302734	0.091021352	0.017372264	0.234667733	0.547192514	-0.044937603
732.0362549	0.086028181	0.017556507	0.236456841	0.550871015	-0.046664324
731.0418701	0.084237054	0.01643401	0.236961067	0.554790199	-0.046986617
730.0471802	0.084049538	0.017054055	0.237949818	0.556193769	-0.046849947
729.052124	0.090111993	0.013998737	0.234773099	0.556133211	-0.04923106
728.0567017	0.086069174	0.011120601	0.236270279	0.558362305	-0.050376538
727.0609741	0.088526443	0.014603398	0.236604333	0.563923419	-0.048679356
726.0648804	0.086027615	0.017500177	0.241706789	0.57027334	-0.045995872
725.0684204	0.087615512	0.021843448	0.245093867	0.573273063	-0.044931442
723.9291992	0.090805009	0.019622575	0.246714234	0.576947928	-0.049449272
722.9320679	0.091770977	0.019589618	0.248385653	0.579596698	-0.04709556
721.9345703	0.09127517	0.020132186	0.249642834	0.583620966	-0.045503635
720.9367065	0.091087878	0.021014862	0.251949281	0.585253656	-0.04705533
719.9385376	0.094029702	0.020224817	0.249350414	0.588227212	-0.042301938
718.9400024	0.092338324	0.012052301	0.247374058	0.587626994	-0.048585344
717.9411011	0.092818163	0.020364942	0.252330661	0.596114457	-0.046731133
716.9418945	0.096302792	0.018241109	0.257071137	0.601158261	-0.046351932
715.9423828	0.092904687	0.018259197	0.257524878	0.601171196	-0.045860287
714.9425049	0.092561491	0.019521218	0.25851813	0.605001867	-0.044977326
713.9422607	0.09615612	0.015897918	0.257767141	0.609147906	-0.048976757
712.9417114	0.090899684	0.018853359	0.262588292	0.617949247	-0.044823587
711.9407959	0.097168654	0.019595142	0.262355804	0.617482543	-0.044242732
710.9395752	0.092488423	0.021136707	0.264100969	0.620322049	-0.045002859
709.9379883	0.097369723	0.019531183	0.261459857	0.622246981	-0.046565969
708.9360962	0.096765682	0.019940747	0.265065998	0.626192391	-0.044644102
707.9338989	0.095950276	0.018359801	0.267005503	0.63200444	-0.044501599
706.9313354	0.099153697	0.022692246	0.266319931	0.634447932	-0.041251853
705.9284058	0.100014515	0.020924805	0.267650127	0.63744539	-0.045129612
705.0685425	0.100368224	0.020237077	0.270897925	0.639744639	-0.042679906
704.0650024	0.102487207	0.018140936	0.271817565	0.641562343	-0.043344762
703.0611572	0.103605241	0.018688831	0.274764359	0.645701766	-0.04182877
702.0569458	0.104465187	0.020950666	0.277212888	0.647334874	-0.039798632
701.0524292	0.107821755	0.021007229	0.274083883	0.652117431	-0.039956804
700.0476074	0.106193975	0.020419555	0.278057754	0.656432569	-0.037857618
699.0424194	0.108659551	0.017674824	0.275629073	0.658008516	-0.042240925
698.0369263	0.09827131	0.019699605	0.2779845	0.664226115	-0.040100712
697.0310669	0.102140114	0.022007216	0.280765951	0.670543134	-0.037367467
696.0249023	0.107851088	0.019961536	0.283789128	0.674478233	-0.038337313
695.0184326	0.1079778	0.017503006	0.283514321	0.674083829	-0.039977912
694.0115967	0.114759795	0.019395333	0.284953475	0.677950323	-0.04391643
693.0044556	0.113780297	0.019031581	0.288023591	0.682716191	-0.039190013
691.9970093	0.109703928	0.015664296	0.28553617	0.682919741	-0.040276613
690.9891968	0.104662426	0.018481281	0.291065544	0.686124444	-0.038393807
689.9810791	0.112903237	0.014997676	0.289587945	0.689113915	-0.038201496
688.9725952	0.115013376	0.015119934	0.290156603	0.695611	-0.038916789
687.9638672	0.113809973	0.016214073	0.292021632	0.698471487	-0.039129268
686.9547729	0.117407136	0.015656836	0.295348555	0.702344775	-0.040534079
685.9453125	0.117049955	0.015398481	0.296774149	0.707184076	-0.039750494
684.9355469	0.118584611	0.017244682	0.297286332	0.708501875	-0.038897805
684.0698242	0.117693931	0.021807218	0.302419841	0.714975834	-0.035267964
683.0594482	0.122099236	0.022788946	0.301875472	0.718857467	-0.035608843
682.0487671	0.125247479	0.019045454	0.302362353	0.718795836	-0.038472991
681.0377808	0.120772608	0.020235531	0.304119796	0.723553419	-0.03838281
680.0264893	0.123367168	0.01855338	0.305597454	0.728525102	-0.035954934
679.0148315	0.120028079	0.015863337	0.304815352	0.731674254	-0.03838864
678.0029297	0.127782986	0.014306901	0.305844128	0.733010173	-0.036482714
676.9906006	0.124483489	0.020089131	0.309655279	0.739628851	-0.034393128
675.9780273	0.1223488	0.020891856	0.312877506	0.74582684	-0.030672506
674.9651489	0.122967392	0.01830801	0.309921771	0.748496294	-0.03392591
673.9519043	0.12123175	0.017582599	0.312196344	0.748869598	-0.034399297
672.9383545	0.127643526	0.016410649	0.311304152	0.756858409	-0.035870377
672.0693359	0.130002379	0.019010728	0.311981499	0.756682932	-0.033847615
671.0551758	0.128738731	0.022596577	0.316115886	0.766473055	-0.029617773
670.0407104	0.125779808	0.022867547	0.318665773	0.764318109	-0.030464584
669.0259399	0.127142936	0.023120886	0.318025798	0.766816616	-0.029296214
668.0108643	0.131698057	0.020578552	0.315370143	0.769081295	-0.032275412
666.9954834	0.12742433	0.020840334	0.322207034	0.776213825	-0.029111402
665.9797363	0.132284448	0.020844137	0.321753979	0.780579686	-0.030379822
664.9637451	0.136108682	0.024922745	0.323541135	0.784333706	-0.029233295
663.9473877	0.12863186	0.02251279	0.324473143	0.787559211	-0.028303618
662.9307251	0.132975578	0.022848748	0.322816938	0.788506091	-0.030218847
662.059082	0.135290578	0.023035277	0.32620734	0.791333914	-0.02772495
661.0418091	0.135052651	0.021281693	0.326736301	0.796119273	-0.026873652
660.024292	0.135340601	0.02514264	0.327485114	0.800028622	-0.02646506
659.0064087	0.133818284	0.023827884	0.327172071	0.802500129	-0.026366798
657.9882202	0.134416059	0.025970984	0.329981715	0.805096865	-0.026133696
656.9697876	0.133078709	0.020685749	0.327336073	0.804350853	-0.028207613
655.9509888	0.139738828	0.023924617	0.330125839	0.810225189	-0.026149051
654.9318848	0.143820763	0.023381691	0.331227809	0.816630483	-0.026520733
654.0581055	0.143586725	0.024313847	0.331818879	0.815832138	-0.027020548
653.0384521	0.144577354	0.025051888	0.335254103	0.823083937	-0.026424969
652.0184326	0.142324805	0.023000939	0.331671208	0.821939886	-0.028832732
650.9981689	0.14379023	0.026260624	0.335344344	0.829684019	-0.022787862
649.9775391	0.144295171	0.026431924	0.336077184	0.831609488	-0.026576642
648.956665	0.139177978	0.027533101	0.340268195	0.832724214	-0.023986146
647.9354248	0.143180832	0.022597151	0.337193459	0.836882949	-0.024818912
647.0598755	0.145699263	0.022992369	0.336430997	0.839504242	-0.02596714
646.0380859	0.143131599	0.020410793	0.335247904	0.839154482	-0.028588686
645.0160522	0.144770771	0.022679154	0.337059736	0.845207572	-0.02814313
643.9936523	0.150481254	0.023332741	0.342926979	0.849076688	-0.027772885
642.9709473	0.145915017	0.021834111	0.340803027	0.849279881	-0.025074711
641.947937	0.147247881	0.029759834	0.346583426	0.859553814	-0.020217543
641.0708618	0.150098234	0.020307949	0.344264478	0.857393503	-0.025619388
640.0473022	0.150857166	0.021288408	0.343810916	0.859387577	-0.024466228
639.0234375	0.153763443	0.018706668	0.342712045	0.864236653	-0.024619175
637.9993286	0.155524015	0.025351232	0.348063439	0.873060584	-0.02285005
636.9748535	0.154244155	0.024855994	0.352178782	0.873773992	-0.02271682
635.9500732	0.151528701	0.021627339	0.352332056	0.879138529	-0.022193627
635.0714722	0.156778202	0.025197694	0.352528989	0.877307952	-0.022360407
634.0461426	0.15666464	0.020891856	0.352146298	0.887670338	-0.023205817
633.0205688	0.154633462	0.021814568	0.355266631	0.889154732	-0.022144383
631.9946289	0.15365465	0.023544865	0.356890589	0.892229021	-0.021250365
630.9684448	0.159138233	0.022822173	0.354301989	0.894671083	-0.024159046
629.9418945	0.15793331	0.023882005	0.358891279	0.897457004	-0.019513471
629.0618286	0.156827331	0.021513842	0.357310385	0.898987889	-0.019389216
628.034729	0.161903411	0.024786158	0.363185704	0.906356752	-0.019632991
627.0073853	0.160105035	0.022938767	0.3610183	0.909396231	-0.020690158
625.9797363	0.156739682	0.024427338	0.363093674	0.913555265	-0.019517234
624.9517822	0.153876424	0.025966395	0.365344822	0.920987904	-0.017545365
624.0704346	0.165522397	0.024949063	0.365572542	0.922765315	-0.020350257
623.0419312	0.161969796	0.024082687	0.362766832	0.923213065	-0.017474504
622.0131836	0.161026001	0.025274072	0.365848273	0.926999629	-0.015447255
620.9840698	0.164752618	0.024176767	0.368819445	0.930774748	-0.014261368
619.9547119	0.170962289	0.022789409	0.367058367	0.935505629	-0.017057167
619.0721436	0.165145606	0.023459282	0.369077802	0.940677404	-0.01589549
618.0422363	0.16580306	0.023620624	0.370386511	0.942377329	-0.012914713
617.0120239	0.167080373	0.026509069	0.370405883	0.945916414	-0.014743908
615.9815063	0.168227702	0.024011005	0.372343451	0.94918716	-0.012066988
614.9507446	0.168590918	0.024277082	0.36785239	0.948781073	-0.01472359
614.0669556	0.173766464	0.024772234	0.373473853	0.953735173	-0.011671131
613.0356445	0.167629898	0.02476996	0.372472942	0.956180334	-0.011574959
612.0040283	0.175805211	0.025111264	0.372160465	0.959907353	-0.01198979
610.9721069	0.174504265	0.027815364	0.375974149	0.967088938	-0.01298019
609.9399414	0.171981067	0.031299464	0.380510241	0.969818711	-0.007184027
609.0549316	0.176225811	0.02419379	0.37530762	0.966357589	-0.014997106
608.0222168	0.172174931	0.023581404	0.374801368	0.972451747	-0.013403119
606.9891968	0.178125009	0.028038967	0.37878421	0.97479111	-0.01252818
605.9559326	0.176344559	0.019094491	0.376858711	0.976308823	-0.011775899
605.0700073	0.17354548	0.024282502	0.3784374	0.980819643	-0.010813247
604.0361328	0.175394669	0.023005033	0.380730629	0.983510077	-0.012203475
603.0020142	0.178691238	0.026053134	0.380244404	0.986307383	-0.010539053
601.9676514	0.179622531	0.023582196	0.37903145	0.991522849	-0.008993199
600.9329834	0.179410845	0.0258472	0.380310923	0.992574453	-0.008088487
600.0458374	0.181194186	0.02557895	0.383233935	0.995348632	-0.00745943
599.0106201	0.179612279	0.023490895	0.383347809	1.000943184	-0.008410648
597.9751587	0.185418904	0.025195938	0.383517653	1.002796769	-0.010210074
596.9393921	0.181837067	0.024947144	0.384660721	1.003677368	-0.006455121
596.0513306	0.184186339	0.02770769	0.388168871	1.009520054	-0.003078656
595.0150146	0.183605567	0.026989339	0.387407005	1.013440847	-0.001670363
593.9784546	0.183023974	0.024599534	0.384276182	1.01348877	-0.005899389
592.9415894	0.185274527	0.027440524	0.386931419	1.017927051	-0.003721426
592.0526123	0.190124437	0.023395734	0.384166807	1.020955563	-0.006676235
591.0152588	0.184146226	0.025192536	0.387778342	1.022560239	-0.005094185
589.9776001	0.190360233	0.027837278	0.390560806	1.026658177	-0.001855059
588.9396973	0.187706858	0.019866603	0.38639155	1.03035593	-0.004654376
588.0498047	0.19025588	0.023674583	0.389843881	1.034270287	-0.001145805
587.0113525	0.189828098	0.025156574	0.392800719	1.034815311	-0.000741621
585.9725952	0.191325903	0.02329188	0.394087344	1.040951014	-0.00186207
584.9335938	0.195888475	0.029292636	0.40143463	1.050886989	0.002017416
584.0427856	0.192282945	0.03016923	0.398695588	1.053889036	0.000242516
583.0032959	0.195668414	0.025122672	0.397434801	1.046854496	0.000919588
581.963501	0.199156761	0.023704572	0.39870432	1.055852532	0.002964095
581.0720215	0.197302595	0.028774465	0.399488449	1.055282354	0.003679312
580.0317383	0.196218923	0.025623541	0.400658131	1.060734987	0.001711999
578.9911499	0.191647172	0.024792323	0.398877382	1.063632011	0.002263273
577.9503174	0.197269008	0.022723667	0.399686813	1.062588096	0.003436566
577.0579224	0.201229572	0.023622347	0.400192797	1.065876722	0.000446737
576.0166016	0.199025914	0.021768732	0.39713034	1.071689725	0.001968553
574.9749756	0.195645675	0.027977452	0.404922456	1.07376349	0.007710381
573.9330444	0.198401541	0.024949256	0.401427209	1.07574892	0.004133432
573.0397949	0.205232009	0.025179205	0.405300409	1.080723405	0.007025225
571.9973755	0.19847472	0.022601649	0.402444273	1.084065557	0.004578845
570.9547119	0.200958595	0.022969034	0.401809931	1.080196738	0.003876067
570.060791	0.204067588	0.024974726	0.4048495	1.085708261	0.004703255
569.0176392	0.208224744	0.028201111	0.404710978	1.090245843	0.009124971
567.9741821	0.205639884	0.022809707	0.403838247	1.091809511	0.008243287
566.930481	0.206418678	0.023488244	0.405671775	1.099341631	0.007574676
566.0357056	0.205033541	0.026422296	0.40423891	1.095906496	0.010520553
564.9914551	0.209223419	0.027444245	0.407839686	1.100568891	0.013549358
563.9470215	0.2060045	0.025150074	0.405448973	1.106117129	0.010557975
563.0515747	0.209692568	0.025803793	0.407136887	1.109883666	0.012973764
562.0065918	0.211971894	0.02267411	0.404773474	1.105111957	0.010596223
560.9613647	0.21161437	0.025809206	0.406455398	1.10948205	0.016107704
560.0652466	0.21442689	0.024428735	0.406331271	1.111601472	0.01488965
559.0195313	0.218067169	0.026347062	0.406013608	1.111792684	0.014856084
557.9735718	0.218046472	0.028178737	0.410242826	1.118559957	0.019297032
556.9273071	0.220279515	0.026481362	0.409541488	1.118900061	0.018161746
556.0303345	0.217719257	0.028387934	0.410088778	1.122653961	0.019934677
554.9835815	0.221822202	0.026733762	0.410190821	1.127983928	0.017371885
553.9365845	0.223156825	0.025602316	0.410160035	1.125987053	0.018866308
553.0389404	0.222292647	0.022754764	0.406034291	1.127125621	0.015772354
551.9915161	0.218149632	0.025764266	0.41024679	1.130052924	0.02044023
550.9437256	0.22320953	0.028816232	0.4101668	1.131785393	0.018492626
550.0454712	0.221644849	0.026415555	0.408005238	1.134013534	0.016794598
548.9972534	0.22853218	0.026737342	0.410989702	1.135418415	0.020819206
547.9487915	0.228321284	0.027308408	0.411647618	1.14049077	0.019379579
547.0498657	0.225396752	0.024019457	0.40938887	1.139992237	0.020065842
546.0009155	0.228348598	0.023720538	0.408644855	1.141188145	0.020408621
544.9517212	0.230825886	0.025212096	0.410765976	1.144724488	0.022581663
544.0521851	0.236241475	0.018391639	0.407515764	1.142344832	0.020438088
543.0025024	0.229117692	0.024076037	0.411548197	1.151196361	0.024129314
541.9525757	0.228641152	0.025647733	0.412360579	1.153205872	0.018954642
541.0523682	0.225288495	0.027193913	0.413523287	1.156280756	0.024377091
540.0019531	0.22843568	0.027026912	0.415235102	1.158434868	0.025561735
538.9512939	0.22412011	0.026662495	0.414708108	1.16180861	0.024848018
538.0505371	0.229276136	0.025930231	0.41204226	1.159677982	0.023849515
536.9993286	0.237968177	0.024397627	0.41285634	1.163326025	0.027609697
535.947937	0.229095101	0.02615886	0.412421137	1.166905999	0.022100847
535.0465698	0.230569318	0.026559563	0.412551701	1.16482079	0.028778061
533.9946899	0.235075533	0.024265831	0.412696391	1.166785121	0.024053466
532.9425659	0.225410894	0.023600016	0.412624419	1.170783997	0.026892196
532.0405273	0.23425588	0.02777604	0.414680153	1.173399448	0.028490083
530.9879761	0.238966316	0.026113883	0.415503174	1.174221277	0.027313342
529.9351196	0.237962708	0.023847001	0.412524521	1.173545599	0.027396545
529.0324707	0.243074	0.025535708	0.41703096	1.178262591	0.02946608
527.979187	0.228381932	0.028087899	0.415596753	1.180412054	0.03013166
526.9256592	0.235936403	0.027572183	0.412389487	1.179707885	0.02983566
526.0223999	0.238270372	0.025803657	0.414880961	1.183814406	0.031243939
524.9683838	0.229988009	0.027494131	0.414108992	1.182579875	0.034383658
524.0647583	0.235833287	0.030188877	0.415176928	1.184742451	0.031678043
523.0102539	0.234795287	0.02698135	0.415546149	1.187081218	0.035253868
521.9555664	0.236977369	0.025648668	0.412494928	1.18222487	0.028308161
521.0513306	0.239588231	0.031870354	0.416590989	1.191030025	0.033397876
519.9961548	0.24827835	0.029505393	0.414686352	1.189986587	0.034779184
518.9407349	0.240886971	0.028106982	0.414237529	1.190526366	0.033685323
518.0358887	0.243792579	0.027494794	0.414999932	1.193254113	0.036007687
516.9799805	0.243828833	0.028300341	0.417243987	1.195358634	0.041247077
516.0747681	0.245542064	0.026173376	0.415162593	1.199135065	0.037788495
515.0184326	0.241374254	0.029039105	0.41534847	1.197958112	0.037595015
513.961853	0.249301285	0.032176167	0.416799277	1.201695085	0.042994183
513.0560303	0.247537389	0.027930602	0.411270738	1.198745012	0.034767319
511.9990234	0.247039586	0.025630489	0.413416624	1.201231003	0.036278348
510.9417725	0.248935461	0.031259574	0.418396115	1.209336638	0.041973542
510.0353394	0.247830704	0.028314903	0.417393386	1.206386328	0.040341668
508.9776306	0.253468514	0.026375998	0.416895509	1.211253047	0.04010443
508.0708313	0.244719565	0.028836731	0.4170717	1.212855458	0.041443132
507.0126953	0.251297146	0.030045131	0.416270256	1.210986137	0.041797001
505.9542847	0.24975577	0.023437506	0.41531533	1.215177417	0.041298345
505.0469055	0.252172768	0.026123531	0.418894559	1.214745879	0.041632522
503.9880676	0.252567768	0.028403824	0.419863164	1.21837008	0.044780888
502.9290161	0.255364507	0.029985577	0.419599831	1.222028732	0.045690838
502.0210571	0.256242365	0.029316176	0.418511361	1.21953547	0.047929436
500.9615173	0.254567891	0.028460039	0.416956067	1.21715486	0.049414869
500.0531921	0.253207147	0.031547666	0.419778556	1.224584341	0.050037455
498.9932251	0.256996125	0.027501026	0.418202519	1.223689675	0.045912731
497.9330444	0.257193029	0.029612793	0.418897152	1.221366048	0.04699102
497.0241394	0.250245839	0.028659336	0.419205308	1.22504127	0.0470501
495.963501	0.261195749	0.030721491	0.41785109	1.223173022	0.047111835
495.0542297	0.264709532	0.025821924	0.416244805	1.225264549	0.049101263
493.9931641	0.266296357	0.028892364	0.417036414	1.222887158	0.049673706
492.9318848	0.263163507	0.028403023	0.418080181	1.230645418	0.048729319
492.0220032	0.269031227	0.028832553	0.420870721	1.227657557	0.050716057
490.9602966	0.253583998	0.028617611	0.421023399	1.234221816	0.054812863
490.0500793	0.254497081	0.02850092	0.416624576	1.232034326	0.051203486
488.987915	0.262176842	0.031733457	0.421669453	1.234993935	0.056644686
487.9255371	0.262556911	0.032112554	0.421027094	1.233522773	0.053093299
487.01474	0.253660888	0.027063029	0.418805808	1.234235406	0.051442318
485.9519348	0.265625536	0.031892475	0.419453681	1.234845638	0.05533893
485.0407715	0.273971945	0.032847535	0.420503587	1.238387823	0.059090722
483.9775391	0.264328331	0.029551525	0.420232236	1.237486601	0.056829169
483.0660095	0.264407843	0.026001381	0.418067843	1.236539125	0.058613565
482.0023804	0.267810524	0.030074315	0.416279793	1.240214109	0.060043342
480.9384766	0.262736827	0.028639676	0.413902998	1.23572135	0.059355926
480.0263977	0.267985582	0.030137209	0.418294489	1.239343643	0.057750016
478.9620972	0.265247673	0.030776145	0.415630251	1.239791632	0.0604706
478.0496521	0.268124908	0.028301116	0.418264002	1.238600254	0.060524277
476.9849243	0.271994799	0.031271562	0.418204457	1.239902616	0.063789494
476.0721436	0.274877816	0.029556872	0.419253051	1.238417625	0.06006106
475.0069885	0.271116555	0.032714408	0.41884926	1.243527412	0.065977499
473.9416504	0.272741646	0.03271449	0.419369549	1.243846536	0.066413023
473.0282898	0.27530697	0.028006746	0.4182221	1.240663052	0.064267963
471.9625244	0.267617434	0.027172336	0.414693445	1.242071152	0.065070786
471.0487976	0.273470521	0.023596218	0.411669016	1.240980506	0.062065385
469.9826355	0.273800463	0.027194079	0.415453613	1.241775155	0.066188179
469.068573	0.280637562	0.032236103	0.41772604	1.243874669	0.067349419
468.0019531	0.281163663	0.026459683	0.412019551	1.242233634	0.065584175
466.9351501	0.280412942	0.027387308	0.413870156	1.240524173	0.065299951
466.0205383	0.281153858	0.032957666	0.415341348	1.24549365	0.071285948
464.9533081	0.279994249	0.029341655	0.413863689	1.240638494	0.064832605
464.0383606	0.282106251	0.029751739	0.415896118	1.244774342	0.068440825
462.9707336	0.287752539	0.028517947	0.413649857	1.247731805	0.070946328
462.0554504	0.284835875	0.03357568	0.414341033	1.254062057	0.074337721
460.9873962	0.291440487	0.030267442	0.414480358	1.248111606	0.072758891
460.0717773	0.290117592	0.030084828	0.416233331	1.249107838	0.072948575
459.0033264	0.285750598	0.029138086	0.413392067	1.245545506	0.075132713
457.9346619	0.289623499	0.030849285	0.411518961	1.252691746	0.06813325
457.0184937	0.287647009	0.02901835	0.412412256	1.249225855	0.072230443
455.9494324	0.283744067	0.025490139	0.408292085	1.239374161	0.06757731
455.0328979	0.287828118	0.028425546	0.412632555	1.245035887	0.074157625
453.9634399	0.29085654	0.032295074	0.415298849	1.250435352	0.078006767
453.0466003	0.295652777	0.025523355	0.409777641	1.240216136	0.074219286
451.9767456	0.298467547	0.028773801	0.408394337	1.241316199	0.075972915
451.0595398	0.296687871	0.033715729	0.41782701	1.253450036	0.079483636
449.9892883	0.296163321	0.034573331	0.416739464	1.256065965	0.086722136
449.0717773	0.296652913	0.031549782	0.41378206	1.251060128	0.084353447
448.0011292	0.298089892	0.030581124	0.412699759	1.248815179	0.082889706
446.9302673	0.294917285	0.030423561	0.411699325	1.248368502	0.083365835
446.012207	0.297915101	0.026558269	0.407833785	1.246363163	0.080950081
444.9409485	0.29591006	0.025972139	0.405206651	1.246652365	0.077326216
444.022583	0.293614268	0.030154996	0.408134192	1.250828505	0.081070364
442.9509583	0.300724715	0.027741078	0.409743577	1.250398159	0.084835805
442.0322266	0.298974872	0.0324394	0.413358301	1.25281179	0.087497197
440.9602051	0.299320281	0.03003606	0.41028437	1.25009799	0.083685018
440.0411682	0.295359165	0.028749103	0.408460498	1.249138474	0.087642908
438.96875	0.297473162	0.027346285	0.406842172	1.249896288	0.088050373
438.0493774	0.301009327	0.029951019	0.407501102	1.249390125	0.087152138
436.9765625	0.301940054	0.028803453	0.408623874	1.245571733	0.087379776
436.0568848	0.301557183	0.031578343	0.408598751	1.249714375	0.089422084
434.9837036	0.304890573	0.028462581	0.405941427	1.245188355	0.087478966
434.0636597	0.30150491	0.023678001	0.403192639	1.245139241	0.083719954
432.9901123	0.303955913	0.02385206	0.399808049	1.243105173	0.08692494
432.0697632	0.301706612	0.030794319	0.405656785	1.24282217	0.089920811
430.9958191	0.299905837	0.024463896	0.403372079	1.240517378	0.089276448
430.0751343	0.309039444	0.02489936	0.406208485	1.245569468	0.090150759
429.000824	0.306238115	0.025940124	0.402963311	1.241209149	0.086900592
427.9263	0.311895281	0.027713705	0.408493578	1.244965911	0.088472366
427.005127	0.309899062	0.028002797	0.406714916	1.246992588	0.090095967
425.9302368	0.304480851	0.029136481	0.405819416	1.246157169	0.09012486
425.0087585	0.315944701	0.023280574	0.399259597	1.241458297	0.085992746
423.9334717	0.304928213	0.028991921	0.402184188	1.241554022	0.093780436
423.0116577	0.302026153	0.031029664	0.409427613	1.247415304	0.101043642
421.9360352	0.307469845	0.028878171	0.40377447	1.245175123	0.095245011
421.013916	0.308132738	0.026806254	0.406122208	1.241944551	0.097270131
419.9378967	0.309944868	0.026675873	0.404669702	1.245351315	0.099264264
419.0154724	0.300080717	0.027869737	0.403734833	1.249331355	0.095666736
417.9390869	0.301759034	0.029426798	0.404887706	1.242429376	0.097897708
417.0163269	0.304478228	0.026701665	0.40137589	1.241615891	0.095860109
415.9396057	0.306954831	0.025035379	0.402746409	1.241934657	0.096517302
415.01651	0.315336794	0.028559551	0.405003935	1.246872663	0.099397346
413.9394226	0.312534869	0.029233295	0.404267609	1.245159388	0.102233201
413.0160522	0.306985974	0.029703755	0.400990933	1.242970347	0.098843716
411.9385681	0.314034045	0.030127749	0.40402174	1.245229125	0.103780881
411.0148926	0.309925407	0.02914747	0.404706776	1.249772072	0.102903329
409.9370728	0.308620542	0.031581212	0.404560685	1.247546673	0.103944063
409.0130615	0.307391375	0.026667476	0.404714286	1.245990396	0.106783085
407.9348755	0.320829541	0.027442839	0.39693746	1.241375685	0.096694976
407.0105896	0.314731032	0.026866695	0.401967168	1.242236972	0.100868747
405.9320374	0.316236466	0.028162275	0.396681607	1.243911982	0.099818043
405.0074463	0.317205966	0.023576321	0.395272225	1.234469891	0.097091019
403.9285278	0.323231429	0.024614409	0.397067636	1.235594392	0.102780119
403.0036316	0.316057205	0.024595287	0.401511788	1.2433393	0.107388996
401.9243774	0.316246837	0.028822014	0.398615986	1.240448236	0.104349047
400.999176	0.317780048	0.027171951	0.395019919	1.236025214	0.104354769
400.073822	0.319521517	0.029758114	0.401346177	1.238606691	0.104746662
398.9940491	0.316102266	0.026129553	0.398697019	1.240571618	0.10394913
398.0683899	0.31906569	0.027104219	0.396567524	1.238573074	0.107211359
396.9882813	0.325843096	0.027345568	0.395896524	1.241256356	0.104795031
396.0623474	0.311904758	0.0252575	0.397392005	1.23950851	0.103850052
394.9818726	0.322909445	0.02792671	0.397190869	1.242991447	0.107114591
394.0556335	0.313549191	0.025940783	0.396902144	1.237100244	0.106894054
392.974823	0.319523066	0.028184813	0.39895007	1.241550446	0.112097472
392.0482788	0.324576318	0.025828628	0.400130183	1.240132451	0.108503595
390.9671326	0.313774496	0.029693499	0.401971787	1.238518119	0.113368653
390.0403137	0.322559834	0.030991185	0.397522509	1.236437201	0.114052422
388.9588318	0.325135768	0.029018791	0.397613704	1.235793352	0.112562321
388.0316772	0.324200422	0.026032053	0.398727983	1.23655057	0.115022652
386.9498596	0.322647274	0.022836935	0.393487781	1.234060645	0.109957434
386.0224304	0.331318349	0.02037932	0.391638786	1.231331468	0.106511205
384.9402771	0.323115706	0.026208624	0.396710247	1.236315966	0.11263267
384.0125732	0.328432173	0.029127125	0.396758616	1.238685966	0.114608102
382.9300537	0.321335733	0.028019335	0.39764753	1.240220785	0.116039276
382.0020752	0.322023511	0.03050478	0.395722091	1.233669519	0.115009628
381.0739441	0.32098493	0.02833767	0.398069382	1.239965916	0.116961569
379.9909363	0.32813552	0.026587578	0.394828528	1.238085032	0.11587166
379.0625305	0.331817269	0.026385434	0.391469747	1.238656759	0.114186578
377.9792175	0.332992017	0.028280698	0.395517826	1.236981511	0.11289797
377.0505066	0.323313385	0.026655007	0.396021426	1.238543153	0.119325712
375.9668579	0.322620809	0.025345415	0.391046345	1.233807564	0.117846094
375.0378723	0.326194197	0.020153444	0.390360326	1.229548693	0.117225014
373.9538879	0.334363401	0.025807172	0.391037792	1.236498356	0.11843732
373.0246277	0.32996282	0.026571287	0.389188737	1.234481215	0.118892573
371.9403381	0.329827786	0.027797537	0.396247864	1.237524748	0.124676369
371.0107727	0.325962156	0.025284279	0.395240068	1.236393332	0.121385329
369.9261475	0.330717474	0.026623685	0.393368602	1.238052249	0.121974818
368.9963379	0.326899439	0.024499554	0.39373371	1.237862229	0.12004187
368.0663757	0.328827798	0.02713858	0.392162442	1.238149881	0.120148562
366.9812927	0.325467944	0.02766454	0.397526801	1.236952305	0.123703286
366.0510559	0.3313528	0.02648868	0.393975288	1.236951351	0.122988217
364.9656372	0.328761667	0.026615869	0.389517367	1.232206583	0.118563384
364.0351257	0.332230896	0.024224143	0.395054996	1.241619229	0.128862739
362.9494019	0.34053424	0.025684204	0.390667766	1.233890653	0.12503694
362.0186157	0.337607414	0.027732357	0.397366136	1.237075925	0.12853615
360.9325562	0.332937837	0.028639454	0.393814176	1.233767629	0.130641729
360.0015259	0.336245	0.028151143	0.396335512	1.242252588	0.132367015
359.070343	0.34024173	0.027389156	0.396683842	1.24222815	0.128609508
357.9838257	0.33438167	0.029175099	0.39620626	1.238749504	0.130337596
357.0523987	0.331904143	0.024246808	0.395688087	1.238813877	0.13373892
355.9655457	0.340447187	0.026928715	0.397629798	1.247612953	0.138774663
355.033844	0.339244336	0.030752221	0.398782641	1.244611382	0.136877701
353.9467163	0.331672937	0.026132109	0.394581378	1.240311742	0.131867543
353.01474	0.333795518	0.026652915	0.396092802	1.2482934	0.13770029
351.9272766	0.345520198	0.030970447	0.400044173	1.245154023	0.137643397
350.9950562	0.344117194	0.029959088	0.397341907	1.248010039	0.138680354
350.0626831	0.349684715	0.028645288	0.39736262	1.245496392	0.137337118
348.9747925	0.341206133	0.027755536	0.39667654	1.24556613	0.138776839
348.0421753	0.344616503	0.028213099	0.397668749	1.244573712	0.135276541
346.9539795	0.34406209	0.028407501	0.395438552	1.246837854	0.136917114
346.0210876	0.338970989	0.028396502	0.396915406	1.242343903	0.140537843
344.9325867	0.340651482	0.026334686	0.393963665	1.247043729	0.139494628
343.9994507	0.33873561	0.031426791	0.3993496	1.249893308	0.146183297
343.0661926	0.342365086	0.037221961	0.402604431	1.254056096	0.149057701
341.9772339	0.348898441	0.031554792	0.400466681	1.251234531	0.143051848
341.0437012	0.345974088	0.035990052	0.4010939	1.252603769	0.142546773
339.9544678	0.347795874	0.029127153	0.396715075	1.249934077	0.143724233
339.0206909	0.3504785	0.031282023	0.399608523	1.25234139	0.146323517
337.9311523	0.350622624	0.033803388	0.402458251	1.256114125	0.149799317
336.9971313	0.349908084	0.035349246	0.4003402	1.256953955	0.150009081
336.0629883	0.352648467	0.029666614	0.397223681	1.252564192	0.146012902
334.9730225	0.356242657	0.029833997	0.395687491	1.252573967	0.148403347
334.0386047	0.353646964	0.035641052	0.401014566	1.247809529	0.150136352
332.9483337	0.350761116	0.033551153	0.399840862	1.252678394	0.15021126
332.0137024	0.348314196	0.032191303	0.400174528	1.255372286	0.152726382
330.9231567	0.356327087	0.032161836	0.399852872	1.255410552	0.150262743
329.9882507	0.355722725	0.028491797	0.399297088	1.253824353	0.150822848
329.0532532	0.357069463	0.034279834	0.401125014	1.257387877	0.156520784
327.9622803	0.351577282	0.034706134	0.405315578	1.254892588	0.157825887
327.0270081	0.358694792	0.034493648	0.401571691	1.258057117	0.155646458
325.9357605	0.356627166	0.030680791	0.397665143	1.257757187	0.154083267
325.0002441	0.359123856	0.033870909	0.398494452	1.256029606	0.155924007
324.0646362	0.355758101	0.036442075	0.400811464	1.25965476	0.159316063
322.9729614	0.36205858	0.030587208	0.40179041	1.268321037	0.160840347
322.0371094	0.366612643	0.032548644	0.400857627	1.25754869	0.15985921
320.9451294	0.365192056	0.034749206	0.400731683	1.263207316	0.160146952
320.0090637	0.373823881	0.032023959	0.39876011	1.262616515	0.15886192
319.0728455	0.366168469	0.034605484	0.403208584	1.265125155	0.164093554
317.9804688	0.366247714	0.033206146	0.399187386	1.259806037	0.160152823
317.0440369	0.373688251	0.031235594	0.39878875	1.259183764	0.16002427
315.9513855	0.381820798	0.033836994	0.398021638	1.262304068	0.161899954
315.0147095	0.376485348	0.037467394	0.403696299	1.263467908	0.165464714
314.0779114	0.377979517	0.032716554	0.400332838	1.264637351	0.164272815
312.9848633	0.383237988	0.038189311	0.40295583	1.267549753	0.168877274
312.047821	0.380872846	0.03197873	0.401755035	1.261420846	0.167088747
310.9544983	0.376805097	0.031425066	0.401179731	1.265873194	0.167604774
310.0172424	0.376302987	0.037960391	0.405297816	1.269486547	0.171439961
308.923645	0.380998492	0.034061227	0.403630883	1.2676301	0.168676823
307.986145	0.381117761	0.031862222	0.401429772	1.267136455	0.170367226
307.0485535	0.386399359	0.036119156	0.404086143	1.270040154	0.171911717
305.9545593	0.381965727	0.034051511	0.402920544	1.2675879	0.171928227
305.0167236	0.385290533	0.037181012	0.403100431	1.271914005	0.172225446
303.9224854	0.384867907	0.035767071	0.406048834	1.269818783	0.171144068
302.9844055	0.392976552	0.035863098	0.403873861	1.271383643	0.172944218
302.0462646	0.395452797	0.033222772	0.403878212	1.272590518	0.174950898
300.9515991	0.393973857	0.038312111	0.407230347	1.27116847	0.176876605
300.0132141	0.389031738	0.035510097	0.407175213	1.276117682	0.177737057
299.0747375	0.39363128	0.03859536	0.406626523	1.278318405	0.179578975
297.9797058	0.397739083	0.035963617	0.406719208	1.279258966	0.182079271
297.0409851	0.389791817	0.039638031	0.410749197	1.282727838	0.185182288
295.9457092	0.396132708	0.038991258	0.406943202	1.282180309	0.180520222
295.0067749	0.396761715	0.030289175	0.403496176	1.279669523	0.177642509
294.0677185	0.394075483	0.031566959	0.404580623	1.280121565	0.183130011
292.9720459	0.399415046	0.035612334	0.408853203	1.284415483	0.187531531
292.0328064	0.394557595	0.033397846	0.40966633	1.285017133	0.190483406
290.9368896	0.400019705	0.038069822	0.413711786	1.287755847	0.190408513
289.997406	0.398669183	0.037557106	0.413276315	1.285993457	0.1906005
289.0578308	0.405464381	0.034537423	0.4146263	1.292282224	0.191067398
287.9615173	0.414026171	0.039089531	0.413132459	1.295315623	0.1920982
287.0217285	0.408719003	0.038500141	0.41263634	1.295282245	0.196965754
285.9252014	0.408108264	0.033305828	0.413123071	1.295917034	0.19815366
284.9851685	0.40873757	0.039905973	0.419654906	1.302568316	0.199826598
284.0450745	0.416293532	0.036372714	0.414317459	1.301288486	0.199228957
282.9481506	0.419988215	0.038069423	0.419991136	1.302846551	0.202244341
282.007843	0.421615273	0.036232509	0.415814519	1.304408193	0.202642396
281.0674438	0.417427421	0.038294468	0.416512907	1.300926805	0.20258899
279.9701538	0.413896292	0.040741663	0.419011056	1.305577636	0.206142709
279.029541	0.417821914	0.040071614	0.421394795	1.306864142	0.206043065
277.9320068	0.425165415	0.042865109	0.422882348	1.318812251	0.210595489
276.9911804	0.42751497	0.038066033	0.423213154	1.315754294	0.211416915
276.0502625	0.427422792	0.040131006	0.424786776	1.317217231	0.21595639
274.9523621	0.428037912	0.037830714	0.422312945	1.313086033	0.213924006
274.0112305	0.433173984	0.042024042	0.429069817	1.320098519	0.218207523
273.0700073	0.435881645	0.039643049	0.427109927	1.329312682	0.220898897
271.9717712	0.44004631	0.039896552	0.426476747	1.322812676	0.217260271
271.030365	0.4343521	0.040306132	0.431338519	1.328111172	0.224390134
269.9318848	0.445153266	0.040508553	0.429584831	1.325616837	0.222783536
268.9902649	0.446639806	0.038125888	0.430842847	1.326549649	0.226666942
268.0485229	0.447094828	0.040601715	0.432559401	1.331762433	0.227789015
266.949707	0.438768864	0.039503995	0.42885232	1.330614328	0.226870194
266.007782	0.452441484	0.038181085	0.430803955	1.336987376	0.231545165
265.0657654	0.450990379	0.044297431	0.433096916	1.340114355	0.234514326
263.9666138	0.455490977	0.042239934	0.435778976	1.337255359	0.239551961
263.0243835	0.459474295	0.041574605	0.43708691	1.351171374	0.238460437
261.9250183	0.450668573	0.040257167	0.434696585	1.348325133	0.235723883
260.982605	0.464459926	0.044871006	0.439771026	1.352071643	0.242419437
260.0401001	0.452407956	0.041194703	0.439964235	1.350189686	0.245527118
258.9403992	0.45320043	0.03819434	0.439321965	1.346981883	0.246542752
257.9976807	0.461572886	0.038532842	0.43561697	1.347818971	0.246509463
257.0549011	0.459741622	0.03929884	0.438345641	1.350027204	0.251031339
255.9548492	0.462581724	0.045007456	0.44475466	1.359840989	0.256554335
255.0118713	0.472026289	0.037600633	0.437904865	1.353163719	0.249684379
254.0688019	0.469375849	0.038162515	0.439770758	1.357100844	0.253424048
252.9684296	0.477566242	0.039781414	0.441652924	1.362130523	0.256889075
252.0251617	0.471200764	0.039137714	0.444629073	1.357350469	0.261853039
250.9245911	0.485894889	0.039111994	0.439166248	1.354162097	0.258871108
249.9812469	0.486535251	0.040269438	0.444513619	1.366100311	0.264017522
249.043335	0.490149081	0.038978204	0.445587754	1.36572957	0.266460091
247.9490051	0.495534092	0.044039804	0.45165351	1.370969176	0.273104399
247.0108948	0.487105221	0.039872233	0.445968092	1.366740942	0.274435282
246.0727234	0.481215924	0.040934816	0.446091354	1.370926738	0.272892386
244.9780731	0.494964957	0.04013478	0.445025981	1.371914744	0.275121659
244.0397034	0.498501658	0.038150247	0.444440842	1.368893981	0.277520627
242.9448395	0.501857698	0.040570594	0.447393537	1.368590593	0.282511264
242.0063019	0.497588962	0.04531838	0.45208773	1.377122641	0.286556244
241.0676727	0.503930986	0.04154088	0.446735382	1.370987535	0.290040702
239.9725037	0.507648468	0.04481326	0.449217796	1.375763774	0.28865394
239.0336914	0.506565094	0.042459928	0.450677753	1.374329329	0.29061988
237.9383087	0.508105695	0.039024476	0.450330108	1.373503208	0.293002129
236.9993286	0.512228608	0.045303613	0.452352017	1.380055904	0.300324708
236.060257	0.51864183	0.046371348	0.454949111	1.382807732	0.300936669
234.9645844	0.519038439	0.041410185	0.451975972	1.379360557	0.30254373
234.0253448	0.52632308	0.041851755	0.457594395	1.384972811	0.307334125
232.9294586	0.53074652	0.047687382	0.457294107	1.392857194	0.310346454
231.990036	0.532001078	0.042986438	0.456481397	1.389594197	0.31035322
231.0505524	0.535779834	0.046072938	0.458642006	1.388821483	0.315028548
229.9543762	0.543664336	0.045627344	0.462999463	1.391200781	0.317426682
229.0147095	0.545213282	0.040441014	0.459556758	1.388377786	0.319356918
228.0749664	0.543362618	0.048282586	0.461614341	1.392318964	0.327474862
226.9784851	0.552168369	0.050022785	0.463458657	1.392372131	0.329128921
226.0385742	0.55671972	0.044473931	0.462784857	1.395804286	0.334442258
224.9419098	0.557368636	0.046170175	0.460667968	1.400867105	0.335697085
224.0018311	0.571056843	0.043130789	0.461638778	1.401666999	0.34534514
223.061676	0.578082979	0.04661062	0.462171555	1.398975015	0.345389515
221.9647217	0.575130463	0.052303359	0.472124159	1.409409046	0.360535264
221.0243988	0.578140736	0.048039813	0.469468653	1.405475974	0.362472445
219.9272614	0.590315044	0.05375481	0.474267095	1.412377238	0.37396875
218.9867706	0.595324695	0.048777424	0.466890156	1.411004186	0.37853238
218.0462036	0.601273537	0.052902061	0.474198163	1.421604753	0.388286173
216.9487762	0.61348182	0.055680677	0.480010659	1.428544044	0.398775518
216.0080566	0.620946944	0.052721865	0.480458558	1.420296907	0.402693421
215.0672607	0.627346396	0.048780639	0.480898559	1.422409892	0.402928859
213.9695587	0.633396864	0.05047233	0.479661316	1.421799898	0.41294238
213.0286102	0.645673931	0.051929075	0.484378725	1.42171216	0.420626462
211.9307251	0.660093069	0.05371872	0.493345797	1.427829623	0.430243045
210.9896088	0.664335609	0.051209979	0.4913418	1.427114367	0.434657455
210.0484161	0.673472405	0.057661828	0.491855383	1.427205563	0.445022345
208.9502716	0.661623538	0.049104217	0.49129492	1.430027485	0.451864123
208.0089264	0.682688892	0.052494012	0.496731699	1.429671168	0.460348874
207.0675049	0.69764328	0.055671144	0.495071203	1.430217862	0.466548383
205.969101	0.699647427	0.054198384	0.503913879	1.440676808	0.478362948
205.0275269	0.706709087	0.054418508	0.49714455	1.437734723	0.483190328
203.9289398	0.721616328	0.064756334	0.509835959	1.444637656	0.503827453
202.9872131	0.728681445	0.056829583	0.508558333	1.439440608	0.499011695
202.0454254	0.727610707	0.060772195	0.509534657	1.435374498	0.512665033
200.946579	0.761034429	0.062283855	0.50636971	1.42877984	0.52562362
200.0046387	0.761031032	0.058326464	0.510906935	1.430839896	0.538734973
