Radii(nm)	Raw	1kp	2kp	4kp	4ks
1.	221610009380306	9.47867159488084e13	281421196300847	1.40867482755595e15	443802394210624
2.	527737259811844	6.07947794325324e13	2.98914311726255e13	1.31794153310628e15	671811722418762
3.	1.56806031371802e15	142997143456671	2.15554664300336e11	776011998394813	1.62190488528422e15
4.	3.42324799690274e15	209490286249506	2.48589459210792e11	745792876959479	3.48025395965862e15
5.	4.73435434102134e15	220944883083055	1.42228856877556e11	963554316352023	4.29558855199332e15
6.	211140474271646	8.53300598190943e13	8.84071534991563e10	364688227091018	257315141174665
7.	7.89888260860857e10	3.42882178183589e10	3.17507017855936e11	579680127448056	6.67029140430547e10
8.	4.88961202395846e9	7.82732144947926e11	541239273969090	6.64019391120014e8	1.22413487949854e9
9.	1.20474459327668e9	8.00144988765581e11	4.00944393526269e9	3.77752496857435e10	4.46060027475014e8
10.	4.85209995631897e8	1.63713339388094e11	5.29737566649099e9	2.15434642934896e10	2.04048368876231e8
11.	2.31537827058962e8	6.08553338145728e10	1.68737944506707e9	1.09401604802944e10	9.73983252640194e7
12.	1.18433864405044e8	3.00271256146534e10	6.75095274734601e8	5.70470345397605e9	5.01455812937462e7
13.	6.46715178083921e7	1.50634646710704e10	3.11469968106291e8	3.10164196601375e9	2.74625437016565e7
14.	3.72895830101416e7	8.63601940056477e9	1.56986453891522e8	1.76116153958906e9	1.5854960369206e7
15.	2.25479158968046e7	5.14330947787255e9	8.53482847981249e7	1.04274763287425e9	9.59180584773402e6
16.	1.42327838683278e7	3.15253901147176e9	4.93622825333191e7	6.42488916104133e8	6.05574254435687e6
17.	9.3497144077361e6	2.0417640432829e9	3.00805943945907e7	4.11234890440966e8	3.97855802004822e6
18.	6.37814442800097e6	1.4384157713786e9	1.91668312520115e7	2.73093517487292e8	2.71446191052134e6
19.	4.5111730552358e6	1.04624494534331e9	1.27043712067471e7	1.87966785524978e8	1.92028348738481e6
20.	3.3040031408452e6	7.85206702234875e8	8.73018466041001e6	1.34001354305805e8	1.40675011487633e6
21.	2.50309715706974e6	6.08578846383606e8	6.20212085517673e6	9.889795461045e7	1.06596260900253e6
22.	1.95957142105284e6	4.86064188166329e8	4.54394934442574e6	7.55267399021927e7	834561.013536667
23.	1.58363250538085e6	4.00356672819552e8	3.42549331640839e6	5.96580102947642e7	674329.821741487
24.	1.31981887468848e6	3.38868975288556e8	2.65146548769279e6	4.87171685993916e7	561654.934109724
25.	1.1331565247571e6	2.94730817617745e8	2.10300830467389e6	4.11041998677283e7	481626.314153534
26.	1.00121821598218e6	2.63927259279623e8	1.70558647969153e6	3.58103327589764e7	424653.42057303
27.	909468.096199724	2.43768638377055e8	1.41098728245972e6	3.21913435994355e7	384477.641212629
28.	848485.140355234	2.33508651861702e8	1.18920008072246e6	2.98384814201069e7	356981.628621257
29.	812291.478596511	2.32970352797917e8	1.01966816346674e6	2.84992285091471e7	339464.807161083
30.	797354.631474782	2.43788670792434e8	888192.782042276	2.80322588989274e7	330199.048373719
31.	802021.293014839	2.70402808674579e8	784939.283811697	2.83825463437734e7	328158.527597691
32.	826253.743250076	3.22458969129117e8	702986.880948281	2.95731156764771e7	332863.560581276
33.	871612.415687677	4.19028096717705e8	637394.885826192	3.17098027740663e7	344305.848513696
34.	941485.858580325	5.70557265508985e8	584590.800740565	3.50027164179653e7	362941.00636191
35.	1.0416301216373e6	8.08638547166227e8	541818.687588779	3.98119280805299e7	389749.174607787
36.	1.18117163613067e6	1.32065615070938e9	507304.975113346	4.67350669984658e7	426380.58702294
37.	1.37437435632914e6	2.52247703865347e9	479652.541286382	5.67788306166662e7	475425.945936762
38.	1.64378433412515e6	1.26401720289334e10	457788.907437216	7.16992566136339e7	540891.312057649
39.	2.02599796442653e6	3.44525727061389e11	440919.193920168	9.47556507129054e7	629034.761187183
40.	2.58269791640907e6	4.22555845006262e9	428462.193429468	1.32522776876072e8	749885.337635432
41.	3.42325854523291e6	1.30813670131097e9	420006.261115999	1.99910038571539e8	920134.218179365
42.	4.75450724286263e6	6.76745081957152e8	415279.748056092	3.37432152934701e8	1.16899185163375e6
43.	7.00166933753234e6	3.89720783981368e8	414132.605882748	6.98588259545722e8	1.55103437458862e6
44.	1.11420336456011e7	2.51216268951778e8	416527.156793872	2.52790791529045e9	2.17740974471628e6
45.	1.98089690781658e7	1.72303170620204e8	422537.084125706	4.47523239882542e11	3.30269500653839e6
46.	4.20855151821688e7	1.22126131379462e8	432354.62304733	1.85046422506597e12	5.61791476108335e6
47.	1.27176561687615e8	9.16204800001946e7	446192.28517248	2.82958618463519e9	1.15848960745604e7
48.	1.17498420241259e9	7.22174650209522e7	464579.98625469	9.97615090089549e8	3.6236429382976e7
49.	3.42285178255657e12	5.93682849019806e7	488246.427099457	5.37527990002404e8	1.78319794998985e12
50.	2.67380633287644e8	5.05895186163148e7	518143.856547162	3.54086395969423e8	2.20752723164368e12
51.	1.06074892451958e8	4.44773778348436e7	555580.329835523	2.64133465446768e8	4.4423208563474e7
52.	6.45868947977377e7	4.021090760201e7	602354.649131928	2.1552005998692e8	1.63378725266631e7
53.	4.88329984643315e7	3.72977868049386e7	660959.00618365	1.8900053077963e8	9.17065151340593e6
54.	4.25781616829624e7	3.54415235842249e7	734889.297051653	1.76555081176468e8	6.29639288888951e6
55.	4.1512404623141e7	3.44711222874314e7	829131.821825231	1.75060074972887e8	4.90598305624481e6
56.	4.47457135836686e7	3.43046051389815e7	950948.276160757	1.84342149781232e8	4.19342302189961e6
57.	5.33754738950658e7	3.4932728070437e7	1.11108576431155e6	2.07120649386274e8	3.86514325766085e6
58.	7.13308621949611e7	3.63452040065742e7	1.32559737965982e6	2.50798190486096e8	3.8090242355009e6
59.	1.10194347713198e8	3.86852378790085e7	1.62116913892219e6	3.33414051195403e8	4.00119920821014e6
60.	1.90519050310268e8	4.21799917606934e7	2.04213714803788e6	5.04092535761309e8	4.48624699342959e6
61.	1.97798266644758e8	4.7118695208034e7	2.66575783840566e6	9.35280493303197e8	5.40179963379762e6
62.	2.11231496062194e12	5.42700406318474e7	3.63642166711909e6	2.65699476888585e9	7.07142906799201e6
63.	2.03895851717173e9	6.47347135596018e7	5.24688774488833e6	4.06136873961575e12	1.02937751616778e7
64.	2.37401716113166e8	8.03915164256096e7	8.15850549382042e6	7.17407051361331e12	1.74061672053169e7
65.	1.12079499971946e8	1.04900172697532e8	1.41137544371931e7	2.64817528944139e9	3.76817149057074e7
66.	7.78540022576934e7	1.4609357327283e8	2.91114819550267e7	9.2713486058042e8	1.41122684658792e8
67.	6.10487559312392e7	2.20731373963752e8	9.08848891073898e7	4.99974043913415e8	1.02925045268067e12
68.	5.40336431635112e7	3.74085534802006e8	1.27315676444602e11	3.33750084960049e8	2.32556124804834e8
69.	5.39459346405874e7	8.06727111556997e8	2.81593033453675e12	2.56160487269451e8	6.18522024201389e7
70.	6.12892991953679e7	3.51137144977301e9	2.06389120781067e8	2.19068391585391e8	3.14071774648035e7
71.	8.12015928127618e7	2.27138595995222e11	7.3324342502821e7	2.05778330912633e8	2.1370015527537e7
72.	1.35075648363001e8	4.75555743669779e9	3.38619514647756e7	2.11592614824071e8	1.75578733971333e7
73.	1.13492332911896e8	5.74901061741269e8	2.49122586567556e7	2.39414895055867e8	1.67738752458079e7
74.	1180787317182	2.76953407364822e8	2.1432887714701e7	3.02775927340204e8	1.85116776218557e7
75.	6.72951628463516e9	1.54437003480433e8	2.11564220186539e7	4.42447798033003e8	2.40796739298733e7
76.	2.95287323975402e8	1.26607195487934e8	2.28296873770084e7	8.0473217595116e8	3.93935464346633e7
77.	7.63389704351927e7	1.0423949090648e8	2.65518088307234e7	2.28485556842942e9	9.98326466435263e7
78.	4.26343061109489e7	8.89028375498617e7	3.31492217617069e7	2.52396990422635e12	9.43794478504239e10
79.	2.91096774109387e7	7.8875692234611e7	4.49314618848727e7	1.36703760285877e12	1.18257297459259e11
80.	2.28172114045634e7	7.25939592705891e7	6.76108947115432e7	2.52796490483102e9	7.49261845608959e7
81.	1.99376056958043e7	6.91339506806231e7	1.16501653781039e8	9.62687628449008e8	2.42374217794274e7
82.	1.91220113868924e7	6.77117958474185e7	2.8864232017214e8	5.82356130267546e8	1.19326733444708e7
83.	1.9948062506602e7	6.81312291076117e7	1.10865942051976e9	4.54932201352503e8	7.17317312136305e6
84.	2.24693096871289e7	7.04580349903476e7	1.81842456936435e10	4.33469639567109e8	4.87144887285202e6
85.	2.69735359945592e7	7.50218326008083e7	9.49503314519643e11	5.05216667509204e8	3.60075033069983e6
86.	3.29818973149363e7	8.25190780734297e7	1.00024398351561e11	7.62734627116119e8	2.83860476624243e6
87.	3.47806303433742e7	9.42826005422595e7	2.11661237523282e11	1.83287092067277e9	2.36023883111632e6
88.	3.51648645803487e6	1.1290300770399e8	8.77794929255645e10	1.18442524359586e12	2.05955455360847e6
89.	1.7734334108957e9	1.43693397627455e8	9.80129036603201e9	9.72804738513645e11	1.88563147744542e6
90.	3.84109166634219e11	1.98397012774524e8	1.39524144549455e9	1.41193105694469e9	1.81867098041815e6
91.	2.10408536921973e10	3.06050103345792e8	3.51775397125113e8	4.78299224081029e8	1.86328985640845e6
92.	3.56666381887148e9	5.6019755878364e8	1.6576430788548e8	2.5808677534054e8	2.05566621296791e6
93.	1.19299625474816e9	1.64500361771651e9	1.02985729359228e8	1.782142253822e8	2.49626865518817e6
94.	5.08008364331752e8	7.72261646756829e10	6.31464010843998e7	1.46833626383954e8	3.46657544161377e6
95.	2.48550508410511e8	1.65767760865279e9	4.78371016637746e7	1.40880273527521e8	5.95593912088379e6
96.	1.6662373380513e8	4.05997755384001e8	4.71270120685091e7	1.57422458465582e8	1.58264856362271e7
97.	1.18739523522935e8	2.14070686511351e8	5.70020692108641e7	2.09918071736033e8	4.78255094347848e10
98.	8.48745059242713e7	1.19022573426371e8	8.15700982621565e7	3.578628637215e8	5.35584516750289e10
99.	9.91403264650076e7	7.30747436563035e7	1.44321542384844e8	9.65644625267641e8	1.37666016723925e7
100.	4.12843188651481e8	5.07451402738221e7	3.74487917435747e8	8.26350749644744e11	4.76478585102846e6
101.	8.76557250834672e10	3.93867597165206e7	3.54720576869621e11	6.33922257212015e11	2.59022789165716e6
102.	1.43436673572211e11	3.35776137633599e7	3.43365576144918e11	1.04019585870342e9	1.78466929365433e6
103.	6.71800270972908e7	3.10653623513594e7	6.57904173094531e8	4.07970117706821e8	1.45946929777728e6
104.	5.69296379992922e7	3.1010052826705e7	2.55424718663915e8	2.5424245449304e8	1.39186709312925e6
105.	3.75910783596374e7	3.33754644596348e7	1.6688768096809e8	2.05522386300259e8	1.57070005449581e6
106.	2.29808947483962e7	3.89215150793618e7	1.45129237565722e8	2.02783404922817e8	2.23351526855129e6
107.	1.64059317706966e7	4.98506411392111e7	1.56423635437223e8	2.42817890708889e8	4.95244039299044e6
108.	1.3838826515877e7	7.29214371316549e7	1.94493333370548e8	3.75741279485541e8	2.54137450549408e10
109.	1.37620398185437e7	1.28286879335016e8	2.93037529553506e8	8.1319612467058e8	1.00490533301391e10
110.	1.62306482735104e7	3.15343796203187e8	9.02391732881739e8	5.65704010862037e9	2.37274534302224e6
111.	2.32063429524241e7	1.89854600105908e10	1.18342689347353e10	4.72328726004856e11	649815.437221361
112.	4.19290727496709e7	3.73561654381139e10	2.02279447167838e11	1.75526090350221e10	271697.250027538
113.	1.10732606766314e8	4.75162224569823e8	3.28359152007084e8	2.81086589998423e9	138764.204919507
114.	3.53120976498973e9	1.72884068686525e8	1.74691838718394e8	1.18742230183098e9	80119.7104499714
115.	7.03214624563228e10	9.43408086544802e7	1.38279782190488e8	7.96695117480678e8	50403.4533851269
116.	1.20353683036677e7	6.91700924203746e7	1.35693716251072e8	7.33606082618184e8	33838.5401455951
117.	1.13075108806458e7	6.15142839727729e7	1.56731192499982e8	8.96577888865519e8	23926.1991927212
118.	9.46346445357458e6	6.31870624786873e7	1.90241784182596e8	1.55171725934555e9	17655.5827699125
119.	8.17588962133811e6	7.11667681195464e7	2.18242797795005e11	4.58455363106619e9	13504.8073532131
120.	8.38350209804339e6	8.65769019879706e7	8.32022383570252e8	3.13461775911085e11	10650.8750505797
121.	1.48549213928027e7	1.22610650803457e8	1.00530433597705e8	1.11792942456961e11	8623.9951661604
122.	5.43699369140877e7	3.04766417118805e8	3.64776569709478e7	5.96846504325439e9	7143.81454333119
123.	5.55485354613428e9	1.02258613824643e10	1.83030269792479e7	2.17438610657812e9	6036.66190302225
124.	5.31750040063961e10	1.12350211719249e8	1.09912433333488e7	9.61794966254626e8	5191.41214587587
125.	4.96857208208266e6	4.4480539509247e7	7.51731822318468e6	4.3520734372389e8	4534.83367600319
126.	3.0303522764781e6	2.41283456808145e7	5.75987912592247e6	2.07141438071288e8	4017.26336505927
127.	1.3041806623963e6	1.49088251730507e7	4.94700473866962e6	1.12324095788675e8	3604.01337156656
128.	675360.590098571	1.00082752080627e7	4.87115646345288e6	7.2842031696334e7	3270.10137615856
129.	398021.427861569	7.16060449151608e6	5.91238516582557e6	5.69954268410542e7	2996.98621850578
130.	256925.451247914	5.37098998885465e6	9.84216364806521e6	5.37582792590922e7	2770.55403702199
131.	177110.258608213	4.18280653978827e6	2.28199065562745e7	6.21812332651029e7	2579.90054122994
132.	128104.741200862	3.34676815874559e6	5.47859532902194e10	9.41539689216187e7	2416.61657971625
133.	95979.9169524717	2.71830241252249e6	5.91356672516045e10	2.30943061011878e8	2274.36833220067
134.	73794.9307346244	2.23287945953881e6	1.01494778709802e7	1.42602277167888e11	2148.61151225686
135.	57833.6626266244	1.8495105137975e6	3.1099997495937e6	5.69752463919187e10	2036.32399100964
136.	46004.9200687651	1.54347617564115e6	1.40919921193038e6	1.79711928086378e8	1935.69893446152
137.	37066.1491215306	1.29863772295579e6	786219.632675302	6.13816366684166e7	1845.800882613
138.	30229.3787130777	1.1024542067398e6	500254.715405421	3.34818774084134e7	1766.22642653473
139.	24962.0623739986	945437.872219922	352751.013175582	2.3196042654585e7	1696.81617201929
140.	20884.5894167566	822303.173584115	265075.387784849	1.89031882715753e7	1637.44443059381
141.	17716.3194380539	724789.447813478	209097.782305082	1.7533478513371e7	1587.8877401435
142.	15246.5363735702	647527.796644611	171564.636615472	1.82611589106015e7	1547.7575110274
143.	13316.1698073407	587055.650835921	145439.260038805	2.13279514927619e7	1516.47852164085
144.	11805.2923434448	539838.094226982	126769.68172412	2.82164088037199e7	1493.29877850296
145.	10623.7629299866	503077.015748691	113223.222831586	4.33928327988199e7	1477.32138651165
146.	9703.92137526132	474598.322976987	103369.295739514	8.15056566869387e7	1467.55183295356
147.	8994.80705572837	452756.99187105	96303.3482479841	1.72227255570246e8	1462.95385314088
148.	8457.60823914571	436351.122742679	91439.1990200033	4.94561054323684e10	1462.50562610299
149.	8062.15301459007	424535.458003051	88389.2566940371	1.24180073557351e10	1465.24796431353
150.	7784.29561466091	416730.234383001	86893.3628893423	3.7634233124563e8	1470.31862033739
151.	7604.06180826953	412528.519881484	86776.1733196408	1.40196385757209e8	1476.97095302624
152.	7504.41513638706	411609.688770302	87922.0125404784	9.57454485985435e7	1484.57904168999
153.	7470.50640934949	413666.465428575	90260.4132960417	8.38215862562643e7	1492.63351804982
154.	7489.27672616654	418349.759882848	93757.7123427077	8.8314151009652e7	1500.73271036279
155.	7549.29518886066	425232.75150223	98411.4561288425	1.11059692919625e8	1508.5727220458
156.	7640.71906889142	433526.107946305	104266.187691105	1.57999597935678e8	1515.93835238138
157.	7755.26558787602	442413.049775196	111376.294026326	2.51966489531995e7	1522.6945197115
158.	7886.09992558453	450683.165176561	119845.554507937	5.59541705530275e10	1528.77528384593
159.	8027.5717024891	458469.072752443	129707.903383243	7.89900024588921e8	1534.16553996659
160.	8174.83424374727	465404.813232074	141066.780931727	1.35823702249847e8	1538.87049576186
161.	8323.48331052129	471157.899377633	154059.710570395	5.92664524371741e7	1542.87140478002
162.	8469.33452280877	475507.737832818	168871.879051374	3.34052685595929e7	1546.07254387059
163.	8608.46631301377	478328.964993222	185748.462710898	2.17674330572089e7	1548.25215753168
164.	8737.49548469986	474030.35188595	205007.774144576	1.57089024682169e7	1549.03585414862
165.	8853.92179780918	466858.899177569	227072.289396374	1.24416107954966e7	1547.91097579681
166.	8956.32578292346	458196.803509803	252562.79514039	1.03968398690371e7	1544.29163380436
167.	9044.27580803515	448462.750689336	282520.163197463	9.16937701980069e6	1537.62640121298
168.	9117.95984889578	438179.080603559	318854.37103892	8.55721196165803e6	1527.52039607086
169.	9177.72149004867	427927.153669155	365181.616379618	8.48561974858245e6	1513.83273293538
170.	9223.77029736653	418277.126342428	428467.004411517	8.97769140664024e6	1496.71849165139
171.	9256.30180171861	409713.930992262	522859.166996963	1.01453366030165e7	1476.60776857204
172.	9276.07855178608	402581.84647089	680969.844501736	1.21447506752997e7	1454.13691582678
173.	9285.23769654771	397057.767422932	998684.313559413	1.5376713344317e7	1430.05526760076
174.	9287.86379023422	393150.607499192	1.95098192666804e6	1.95767700157305e7	1405.12634028157
175.	9289.91702589544	390719.900492031	8.8699985882583e9	2.31335124865237e7	1380.03703090181